tag,known,mode_index,toa,rf,pw,pri,pa,doa,pulse_index,dtoa,mapped_label,is_unknown,is_noise
2,False,1,51.961832534873466,11011.804895584006,5.473413405359969,30.82875322370917,-42.342619633230115,76.59769325105711,0,0.0,-1,1,0
4,True,0,65.58109244256639,1208.4435768775543,5.421554887417645,59.1,-49.75119731743776,80.05255243215835,1,13.619259907692921,1,0,0
2,False,1,75.20870063959056,11011.804895584006,2.932242520806702,23.246868104717088,-43.07946173849327,76.72977188397232,2,9.627608197024173,-1,1,0
1,True,0,80.36705157955384,9935.306638004155,7.230858483195932,61.0,-42.39924639341667,79.37929175311915,3,5.1583509399632845,0,0,0
5,True,1,81.42912584840124,9145.109141508434,4.764878743123028,29.0,-39.340133137651925,82.40410902394153,4,1.0620742688473968,2,0,0
3,False,0,97.4040076143202,9774.229013663076,7.924130855954041,61.0,-33.3358156904922,75.2829193216291,5,15.974881765918951,-1,1,0
5,True,1,110.42912584840124,9601.402286077873,5.090827146545961,29.0,-37.94013313765193,82.50018753035334,6,13.025118234081049,2,0,0
4,True,0,124.68109244256638,1344.2938502882034,4.583344819200078,59.1,-50.15627601183555,80.07932594260745,7,14.25196659416514,1,0,0
2,False,1,137.95388696578308,11011.804895584006,2.7964105079553647,31.24251751338948,-44.55314594901959,76.94540917702074,8,13.272794523216703,-1,1,0
5,True,1,139.42912584840124,10200.0,4.280269267691869,29.0,-37.45986686234808,82.57667028650563,9,1.4752388826181573,2,0,0
5,True,1,168.42912584840124,9145.109141508434,4.775663785186568,29.0,-38.85986686234808,82.65543671756244,10,29.0,2,0,0
4,True,0,183.7810924425664,1439.5595220366968,5.206927959565588,59.1,-50.61943377712974,80.10545096723727,11,15.351966594165162,1,0,0
5,True,1,197.42912584840124,9601.402286077873,4.992746720156559,29.0,-40.259866862348076,82.7581427066768,12,13.648033405834838,2,0,0
2,False,1,207.64884507144345,11011.804895584006,4.914341352779249,34.65037811390528,-43.9731698404541,77.10137257801944,13,10.219719223042205,-1,1,0
2,False,1,234.23904393049324,11011.804895584006,3.3145371621338904,26.59019885904979,-43.23632773519094,77.16038416130091,14,26.590198859049792,-1,1,0
4,True,0,242.8810924425664,1208.4435768775543,5.414644099387362,59.1,-51.1064387567999,80.13082493363936,15,8.64204851207316,1,0,0
5,True,1,255.42912584840124,9145.109141508434,5.104684934796782,29.0,-43.05986686234807,83.10838959472038,16,12.548033405834843,2,0,0
2,False,1,262.59339194657497,11011.804895584006,2.9917721246890245,28.35434801608172,-42.49948562992778,77.20927827365884,17,7.1642660981737265,-1,1,0
0,True,-1,265.49264590414367,10514.014712029573,5.942762752504642,,-35.941021489362925,85.81019895866606,18,2.8992539575687033,-1,0,1
3,False,0,265.7084053548342,9774.229013663076,7.924130855954041,92.0,-33.099449414124756,75.33190934885921,19,0.21575945069054114,-1,1,0
5,True,1,284.4291258484012,9601.402286077873,3.2750624172881153,29.0,-43.54013313765192,83.38037806838015,20,18.720720493567,2,0,0
4,True,0,301.98109244256636,1344.2938502882034,5.504759744669466,59.1,-51.581455864777254,80.15535297627899,21,17.55196659416515,1,0,0
3,False,0,326.7084053548342,9774.229013663076,7.924130855954041,61.0,-33.03308814263884,75.35348410086277,22,24.72731291226785,-1,1,0
2,False,1,329.7503217956244,11011.804895584006,5.6508582240666385,36.022860537592834,-41.02580141940147,77.28595024869728,23,3.041916440790203,-1,1,0
5,True,1,333.27912584840124,10200.0,3.8820337576793325,48.85,-42.14013313765192,83.7228081506077,24,3.5288040527768203,2,0,0
4,True,0,361.0810924425664,1439.5595220366968,4.494109530690668,59.1,-52.01024298675838,80.17894890994397,25,27.80196659416515,1,0,0
2,False,1,361.45062207638074,11011.804895584006,4.951718732073214,31.70030028075634,-40.28895931413831,77.31881496113463,26,0.3695296338143521,-1,1,0
5,True,1,382.12912584840126,9145.109141508434,4.139234028748474,48.85,-40.740133137651924,84.13152648932682,27,20.67850377202052,2,0,0
1,True,0,386.0996173739652,9935.306638004155,7.230858483195932,76.3662828972057,-43.660281073388695,79.85447224289682,28,3.9704915255639435,0,0,0
2,False,1,397.6516148362089,11011.804895584006,2.293063224377059,36.200992759828175,-39.55211720887515,77.35159714616121,29,11.551997462243719,-1,1,0
3,False,0,403.0128030953483,9774.229013663076,7.924130855954041,76.30439774051405,-33.002302078290775,75.3739142131066,30,5.3611882591393965,-1,1,0
4,True,0,420.1810924425664,1208.4435768775543,5.6621293316548975,59.1,-52.36319600855755,80.20153611412154,31,17.168289347218092,1,0,0
5,True,1,430.9791258484013,9601.402286077873,3.3234359160491813,48.85,-39.340133137651925,84.59589097605847,32,10.798033405834872,2,0,0
2,False,1,433.41157781110826,11011.804895584006,5.402051991248598,35.75996297489933,-38.815275103611995,77.38699172190975,33,2.4324519627069776,-1,1,0
2,False,1,477.63708127521295,11011.804895584006,5.011122326500066,44.225503464104676,-38.07843299834884,77.4276223473041,34,44.22550346410469,-1,1,0
1,True,0,478.0996173739652,9935.306638004155,7.230858483195932,92.0,-43.927790492888604,79.96047815399179,35,0.46253609875225266,0,0,0
4,True,0,479.28109244256643,1344.2938502882034,5.075516140112191,59.1,-52.617964359075515,80.22304831922851,36,1.1814750686012303,1,0,0
3,False,0,495.0128030953483,9774.229013663076,7.924130855954041,92.0,-33.00740712776097,75.39381757347789,37,15.731710652781885,-1,1,0
2,False,1,511.99996314139696,11011.804895584006,6.195699679129593,34.362881866184,-38.65840910691433,77.4759698554831,38,16.987160046048643,-1,1,0
5,True,1,528.6791258484013,9145.109141508434,4.974615100817918,48.85,-37.45986686234808,85.62332971349436,39,16.679162707004366,2,0,0
4,True,0,538.3810924425665,1439.5595220366968,5.388646760488725,59.1,-52.761398190378436,80.24343028662683,40,9.701966594165128,1,0,0
1,True,0,539.0996173739652,9935.306638004155,7.230858483195932,61.0,-44.170387496606025,80.06076590191807,41,0.718524931398747,0,0,0
2,False,1,541.5237474333707,11011.804895584006,4.637359471537035,29.523784291973694,-39.395251212177484,77.53430458313971,42,2.4241300594054564,-1,1,0
3,False,0,556.0128030953483,9774.229013663076,7.924130855954041,61.0,-33.048350906333624,75.41381747505086,43,14.489055661977659,-1,1,0
2,False,1,573.2627794500968,11011.804895584006,4.319165307955298,31.73903201672614,-40.132093317440635,77.60462444165422,44,17.24997635474847,-1,1,0
5,True,1,577.5291258484013,9601.402286077873,4.862664657941168,48.85,-38.85986686234808,86.14456328243757,45,4.266346398304563,2,0,0
2,False,1,602.4843490320288,11011.804895584006,4.313580134319421,29.221569581932062,-40.8689354227038,77.68860041928005,46,24.95522318362748,-1,1,0
1,True,0,615.4659002711709,9935.306638004155,7.230858483195932,76.3662828972057,-44.38558271099662,80.15513392715614,47,12.98155123914205,0,0,0
3,False,0,632.3172008358623,9774.229013663076,7.924130855954041,76.30439774051405,-33.1247132754348,75.43453622025638,48,16.851300564691428,-1,1,0
2,False,1,638.2719265979152,11011.804895584006,5.832877397941084,35.787577565886416,-41.60577752796695,77.78753100094006,49,5.954725762052931,-1,1,0
2,False,1,665.0878929268896,11011.804895584006,5.271964717150645,26.815966328974298,-42.342619633230115,77.90230674894289,50,26.815966328974355,-1,1,0
5,True,1,675.2291258484014,9145.109141508434,4.860626270406499,48.85,-41.659866862348075,87.09589923373757,51,10.1412329215118,2,0,0
2,False,1,691.1441470048802,11011.804895584006,6.68295709393376,26.0562540779906,-43.07946173849327,78.03338601076453,52,15.915021156478815,-1,1,0
1,True,0,707.4659002711709,9935.306638004155,7.230858483195932,92.0,-44.571167941955096,80.24344141455188,53,16.32175326629067,0,0,0
4,True,0,715.6810924425665,1439.5595220366968,4.800422543078349,59.1,-52.54669764317676,80.29741890599722,54,8.215192171395643,1,0,0
2,False,1,720.9372870147748,11011.804895584006,2.717942288920583,29.79314000989457,-43.81630384375643,78.18078241652411,55,5.256194572208301,-1,1,0
5,True,1,743.9291258484014,9601.402286077873,4.921358674450332,68.7,-43.05986686234807,87.49161040527962,56,22.991838833626616,2,0,0
2,False,1,748.2378478353846,11011.804895584006,3.7482528742400927,27.300560820609842,-44.55314594901959,78.34406450718978,57,4.308721986983187,-1,1,0
1,True,0,768.4659002711709,9935.306638004155,7.230858483195932,61.0,-44.72523883387487,80.32560973827067,58,20.228052435786253,0,0,0
4,True,0,774.7810924425665,1208.4435768775543,4.745976725617246,59.1,-52.3159870949561,80.31296546381263,59,6.315192171395665,1,0,0
0,True,-1,782.2163654288735,2614.020577395422,15.157565332744928,,-33.359068776244484,86.33790426043652,60,7.435272986306927,-1,0,1
2,False,1,785.0031000170382,11011.804895584006,4.231804873369779,36.765252181653516,-44.710011945717255,78.5223675036563,61,2.786734588164677,-1,1,0
3,False,0,785.3172008358623,9774.229013663076,7.924130855954041,61.0,-33.38020405819168,75.48057625977214,62,0.3141008188241585,-1,1,0
2,False,1,826.4384382480554,11011.804895584006,4.648441575927375,41.435338231017184,-43.9731698404541,78.71441689566478,63,41.12123741219307,-1,1,0
4,True,0,833.8810924425666,1344.2938502882034,5.6313078949405,59.1,-52.0519760769014,80.32728664082381,64,7.442654194511192,1,0,0
1,True,0,844.8321831683766,9935.306638004155,7.230858483195932,76.3662828972057,-44.84621441091361,80.40162326860484,65,10.95109072580999,0,0,0
2,False,1,858.2567756024422,11011.804895584006,2.2965720210122167,31.81833735438687,-43.23632773519094,78.91856320712013,66,13.42459243406563,-1,1,0
3,False,0,861.6215985763764,9774.229013663076,7.924130855954041,76.30439774051405,-33.55671079068203,75.50708017794518,67,3.364822973934224,-1,1,0
5,True,1,881.3291258484015,9145.109141508434,4.551876892112402,68.7,-42.14013313765192,88.0,68,19.707527272025118,2,0,0
2,False,1,887.5010171078585,11011.804895584006,3.8762309873782854,29.244241505416262,-42.49948562992778,79.13282698949905,69,6.17189125945697,-1,1,0
4,True,0,892.9810924425666,1439.5595220366968,4.7634036572913345,59.1,-51.78807206620368,80.34040098807202,70,5.48007533470809,1,0,0
2,False,1,916.0610730625434,11011.804895584006,6.369984255364976,28.560055954684955,-41.762643524664625,79.35495281604574,71,23.079980619976823,-1,1,0
1,True,0,936.8321831683766,9935.306638004155,7.230858483195932,92.0,-44.9328532999448,80.47152953235555,72,20.771110105833145,0,0,0
2,False,1,948.4699708883601,11011.804895584006,5.81611495192877,32.40889782581665,-41.02580141940147,79.58247080393431,73,11.637787719983521,-1,1,0
5,True,1,950.0291258484016,9601.402286077873,4.264910985092211,68.7,-40.740133137651924,88.0,74,1.5591549600414965,2,0,0
4,True,0,952.0810924425666,1208.4435768775543,4.318845168325253,59.1,-51.55715211466499,80.35233944030497,75,2.0519665941650373,1,0,0
3,False,0,953.6215985763764,9774.229013663076,7.924130855954041,92.0,-33.763419653366654,75.53665605215518,76,1.5405061338097994,-1,1,0
2,False,1,984.2145386096671,11011.804895584006,5.283975502633504,35.74456772130698,-40.28895931413831,79.81276398623378,77,30.592940033290688,-1,1,0
1,True,0,997.8321831683766,9935.306638004155,7.230858483195932,61.0,-44.98426646872583,80.53543872514363,78,13.617644558709458,0,0,0
4,True,0,1011.1810924425666,1344.2938502882034,4.223342240523726,59.1,-51.38845833648375,80.36314499854451,79,13.348909274190078,1,0,0
3,False,0,1014.6215985763764,9774.229013663076,7.924130855954041,61.0,-33.998209533592615,75.56982792239536,80,3.4405061338097767,-1,1,0
2,False,1,1015.4785271383649,11011.804895584006,6.092463768087837,31.263988528697816,-39.55211720887515,80.04313969594405,81,0.856928561988525,-1,1,0
5,True,1,1018.7291258484016,10200.0,4.109971747083414,68.7,-39.340133137651925,88.0,82,3.2505987100366838,2,0,0
2,False,1,1043.9255623107476,11011.804895584006,5.310954455968542,28.4470351723828,-38.815275103611995,80.27090301493236,83,25.196436462346014,-1,1,0
5,True,2,1073.1213380669285,11503.728310184644,4.1,29.604302233826253,-46.17247595277615,82.51248146803204,84,29.195775756180865,2,0,0
1,True,0,1074.1984660655824,9935.306638004155,7.230858483195932,76.3662828972057,-44.99992634857186,80.59352258065331,85,1.0771279986538502,0,0,0
2,False,1,1087.0180461563184,11011.804895584006,2.2278343122455424,43.09248384557068,-38.07843299834884,80.49343028427487,86,12.819580090736054,-1,1,0
3,False,0,1090.9259963168904,9774.229013663076,7.924130855954041,76.30439774051405,-34.258671169467334,75.60708292887351,87,3.9079501605719997,-1,1,0
5,True,2,1104.3316280373833,11685.757260310316,6.4,31.210289970454866,-45.86478364508385,82.57856633834854,88,13.40563172049292,2,0,0
2,False,1,1122.5885320876162,11011.804895584006,6.62300774935926,35.57048593129784,-38.65840910691432,80.70824067083268,89,18.256904050232833,-1,1,0
5,True,2,1132.5728433196648,11988.625049760463,4.1,28.241215282281463,-45.55709133739154,82.63365117898167,90,9.98431123204864,2,0,0
2,False,1,1156.3478298780913,11011.804895584006,5.272511220460544,33.7592977904751,-39.39525121217748,80.91306383791292,91,23.774986558426463,-1,1,0
5,True,2,1162.3873931592598,11731.900114470576,6.4,29.81454983959493,-45.24939902969923,82.68029385606673,92,6.039563281168512,2,0,0
1,True,0,1166.1984660655824,9935.306638004155,7.230858483195932,92.0,-44.979672247924476,80.64601260841224,93,3.811072906322579,0,0,0
3,False,0,1182.9259963168904,9774.229013663076,7.924130855954041,92.0,-34.542131872145816,75.64886631329428,94,16.727530251308053,-1,1,0
5,True,2,1186.7186339967147,12173.965465998528,4.1,24.331240837455052,-45.05829327799308,82.72127088334041,95,3.792637679824338,2,0,0
4,True,0,1188.4810924425665,1344.2938502882034,5.151381362781317,59.1,-51.439927761588734,80.38936521814236,96,1.7624584458517347,1,0,0
7,True,0,1210.853216715834,3343.694120891145,25.68871888367251,1075.312667428039,-33.43055562746036,85.03962515302447,97,22.372124273267445,3,0,0
5,True,2,1213.1161454612136,11495.808987906008,6.4,26.397511464498788,-45.36598558568539,82.75950551189355,98,2.262928745379668,2,0,0
2,False,1,1221.3647891437313,11011.804895584006,4.879660134891624,28.867970437799535,-40.86893542270379,81.0,99,8.248643682517695,-1,1,0
1,True,0,1227.1984660655824,9935.306638004155,7.230858483195932,61.0,-44.9237120012645,80.69319771819039,100,5.833676921851065,0,0,0
5,True,2,1240.3532583867284,11870.908424779922,4.1,27.23711292551491,-45.67367789337769,82.79799201950327,101,13.154792321146033,2,0,0
3,False,0,1243.9259963168904,9774.229013663076,7.924130855954041,61.0,-34.84568295123498,75.69557685007673,102,3.5727379301620203,-1,1,0
4,True,0,1247.5810924425664,1439.5595220366968,5.371984123336128,59.1,-51.65689355076029,80.39629262877448,103,3.655096125675982,1,0,0
2,False,1,1249.565818547062,11011.804895584006,2.434704659755711,28.20102940333082,-41.60577752796695,81.0,104,1.9847261044956213,-1,1,0
5,True,2,1266.4222423588908,11337.491671642332,6.4,26.068983972162243,-45.98137020107,82.83971816041148,105,16.85642381182879,2,0,0
5,True,2,1290.7130229899085,11335.601233734289,4.1,24.29078063101774,-46.289062508762306,82.88758778405932,106,24.290780631017697,2,0,0
2,False,1,1292.3207069309688,11011.804895584006,5.175907766921492,42.75488838390683,-42.342619633230115,81.0,107,1.6076839410602588,-1,1,0
1,True,0,1303.5647489627881,9935.306638004155,7.230858483195932,76.3662828972057,-44.83261983644897,80.735421255395,108,11.24404203181939,0,0,0
4,True,0,1306.6810924425663,1208.4435768775543,5.33370694233554,59.1,-51.95547117880539,80.40246365470647,109,3.116343479778152,1,0,0
3,False,0,1320.2303940574045,9774.229013663076,7.924130855954041,76.30439774051405,-35.166209561893105,75.74756275438921,110,13.549301614838214,-1,1,0
5,True,2,1320.813402950691,11390.876748869789,6.4,30.100379960782373,-46.59675481645462,82.94434562691204,111,0.5830088932864328,2,0,0
2,False,0,1345.7251486661196,9827.630768435694,1.3394558558006482,28.0,-36.69700518384652,76.4933486243004,112,24.91174571542865,-1,1,0
5,True,2,1348.5172551358596,11210.053353978814,4.1,27.70385218516869,-46.90444712414693,83.01250622522622,113,2.7921064697400197,2,0,0
4,True,0,1365.7810924425662,1344.2938502882034,4.205062238660528,59.1,-52.311215742842805,80.40798047855857,114,17.26383730670659,1,0,0
2,False,0,1373.7251486661196,10159.380501714564,3.709620604215245,28.0,-35.42427791111925,76.604431832741,115,7.944056223553389,-1,1,0
5,True,2,1378.0394236755296,11813.119044256726,6.4,29.522168539670133,-47.21213943183923,83.09428878988157,116,4.314275009410039,2,0,0
1,True,0,1395.5647489627881,9935.306638004155,7.230858483195932,92.0,-44.70733048235629,80.77307747788191,117,17.52532528725851,0,0,0
2,False,0,1401.7251486661196,10122.546401221138,1.3394558558006482,28.0,-35.848449361608026,76.68495985350813,118,6.16039970333145,-1,1,0
0,True,-1,1409.903526373248,4949.524343403295,4.978104908240926,,-44.48651648697796,80.26946556533554,119,8.178377707128448,-1,0,1
5,True,2,1410.2204143064746,12217.006249907225,4.1,32.180990630944954,-47.51983173953154,83.19155972998489,120,0.3168879332265533,2,0,0
3,False,0,1412.2303940574045,9774.229013663076,7.924130855954041,92.0,-35.50042266735306,75.80511810899046,121,2.009979750929915,-1,1,0
4,True,0,1424.8810924425661,1439.5595220366968,4.558901882872924,59.1,-52.69342361012089,80.41295199594965,122,12.650698385161604,1,0,0
2,False,0,1429.7251486661196,10032.870211775567,3.709620604215245,28.0,-37.1211766343353,76.7468210699985,123,4.84405622355348,-1,1,0
5,True,2,1437.8851971940408,11216.719635505851,6.4,27.664782887565988,-47.82752404722385,83.30578431385453,124,8.160048527921163,2,0,0
2,False,0,1457.7251486661196,9943.411704557027,1.3394558558006482,28.0,-38.39390390706257,76.80341613907557,125,19.839951472078837,-1,1,0
3,False,0,1473.2303940574045,9774.229013663076,7.924130855954041,61.0,-35.84489278889021,75.86847984654261,126,15.505245391284916,-1,1,0
4,True,0,1483.981092442566,1208.4435768775543,5.112823409199338,59.1,-53.06792883968796,80.41749269808078,127,10.750698385161513,1,0,0
5,True,2,1491.3222665646315,11488.348253645549,6.4,28.207979376207394,-47.55709133739154,83.58873345635777,128,7.341174122065468,2,0,0
0,True,-1,1507.138285448716,3627.4418440472127,6.107832034850958,,-38.31336237230799,79.02586754518742,129,15.816018884084542,-1,0,1
2,False,0,1513.7251486661196,10129.59445193548,1.3394558558006482,28.0,-40.93935845251712,76.95542341746062,130,6.586863217403561,-1,1,0
5,True,2,1518.594160324455,11350.217841105392,4.1,27.271893759823502,-47.24939902969923,83.75809884997281,131,4.869011658335467,2,0,0
1,True,0,1532.931031859994,9935.306638004155,7.230858483195932,76.3662828972057,-44.35964047665509,80.83649481773789,132,14.336871535538876,0,0,0
2,False,0,1541.7251486661196,10092.487143300175,3.709620604215245,28.0,-41.78791427475561,77.07534547053733,133,8.794116806125658,-1,1,0
4,True,0,1543.081092442566,1344.2938502882034,5.614091142484071,59.1,-53.400227793181486,80.42172149690057,134,1.3559437764463382,1,0,0
5,True,2,1548.2647896541189,11215.947389935198,6.4,29.670629329663768,-46.94170672200692,83.94568296002757,135,5.183697211552953,2,0,0
3,False,0,1549.5347917979186,9774.229013663076,7.924130855954041,76.30439774051405,-36.19608519691506,75.93782531836145,136,1.2700021437997293,-1,1,0
2,False,0,1573.7251486661196,10052.987327237657,1.3394558558006482,32.0,-40.51518700202834,77.23703542196164,137,24.19035686820098,-1,1,0
5,True,2,1576.4971484784928,11422.598705333963,4.1,28.232358824374014,-46.63401441431461,84.15061199117798,138,2.771999812373224,2,0,0
4,True,0,1602.1810924425658,1439.5595220366968,5.009896352805077,59.1,-53.65864543457763,80.42576050490769,139,25.683943964073023,1,0,0
2,False,0,1605.7251486661196,10121.92628419764,3.709620604215245,32.0,-39.24245972930107,77.445806398197,140,3.5440562235537527,-1,1,0
5,True,2,1608.5896917080263,11438.455722419549,6.4,32.09254322953346,-46.32632210662231,84.37156292373447,141,2.8645430419066997,2,0,0
1,True,0,1624.931031859994,9935.306638004155,7.230858483195932,92.0,-44.14080759500481,80.86326024435301,142,16.341340151967643,0,0,0
5,True,2,1636.8451643251215,12076.792060401596,4.1,28.255472617095172,-46.01862979893,84.60679777917697,143,11.914132465127523,2,0,0
3,False,0,1641.5347917979186,9774.229013663076,7.924130855954041,92.0,-36.55039618208198,76.01327047455186,144,4.689627472797156,-1,1,0
6,False,0,1656.4690541142352,5400.0,5.66552168289604,1001.0536874122414,-36.25320302382301,65.47996621466145,145,14.934262316316563,-1,1,0
4,True,0,1661.2810924425658,1208.4435768775543,5.013938590562309,59.1,-53.81725288502045,80.42973378211136,146,4.812038328330573,1,0,0
5,True,2,1664.8539059143127,11210.84927300262,6.4,28.0087415891912,-45.71093749123769,84.85420863288563,147,3.57281347174694,2,0,0
2,False,0,1669.7251486661196,9949.760087717656,3.709620604215245,32.0,-36.69700518384652,78.0066513756996,148,4.8712427518069035,-1,1,0
5,True,2,1691.12159102824,12217.446579772732,4.1,26.26768511392707,-45.40324518354538,85.1113722082813,149,21.396442362120297,2,0,0
2,False,0,1701.7251486661196,10014.31845827135,1.3394558558006482,32.0,-35.42427791111925,78.35011362180447,150,10.603557637879703,-1,1,0
3,False,0,1702.5347917979186,9774.229013663076,7.924130855954041,61.0,-36.904190034223824,76.0948686742029,151,0.8096431317990209,-1,1,0
5,True,2,1719.934350705242,11866.356552425908,6.4,28.812759677002198,-45.09555287585307,85.37561263841597,152,17.399558907323353,2,0,0
4,True,0,1720.3810924425657,1344.2938502882034,4.7152950839125936,59.1,-53.858268504320925,80.4337660630078,153,0.44674173732369127,1,0,0
2,False,0,1733.7251486661196,10134.327129819821,3.709620604215245,32.0,-35.848449361608026,78.72413105558277,154,13.344056223553935,-1,1,0
5,True,2,1748.7911258829233,12218.592709194012,4.1,28.856775177681357,-45.21213943183923,85.64407076952126,155,15.06597721680373,2,0,0
1,True,0,1762.2973147571997,9935.306638004155,7.230858483195932,76.3662828972057,-43.62437063948536,80.90966333261443,156,13.506188874276404,0,0,0
2,False,0,1765.7251486661196,10047.314338193428,1.3394558558006482,32.0,-37.1211766343353,79.11681529363787,157,3.4278339089198653,-1,1,0
3,False,0,1778.8391895384327,9774.229013663076,7.924130855954041,76.30439774051405,-37.25383634965802,76.18261013785134,158,13.114040872313126,-1,1,0
4,True,0,1779.4810924425656,1439.5595220366968,5.308555603527779,59.1,-53.77372203392719,80.43798147663551,159,0.6419029041328486,1,0,0
2,False,0,1797.7251486661196,10118.431974235573,3.709620604215245,32.0,-38.39390390706257,79.51476567910625,160,18.244056223554026,-1,1,0
5,True,2,1803.9239790117017,12061.266185000302,4.1,30.771130775387597,-45.82752404722385,86.18173421811343,161,6.19883034558211,2,0,0
2,False,0,1825.7251486661196,10021.143512731458,1.3394558558006482,28.0,-39.666631179789846,79.90415492318006,162,21.80116965441789,-1,1,0
5,True,2,1827.2408511517951,11816.09012452005,6.4,23.31687214009347,-46.13521635491615,86.44498340384932,163,1.515702485675547,2,0,0
4,True,0,1838.5810924425655,1208.4435768775543,5.263816860512387,59.1,-53.56622882318018,80.44250227284336,164,11.340241290770336,1,0,0
2,False,0,1853.7251486661196,9970.343234663409,3.709620604215245,28.0,-40.93935845251712,80.2718493098121,165,15.144056223554117,-1,1,0
5,True,2,1854.0682644599688,11911.793974341514,4.1,26.82741330817377,-46.44290866260847,86.70069228773748,166,0.34311579384916513,2,0,0
1,True,0,1854.2973147571997,9935.306638004155,7.230858483195932,92.0,-43.33206590763069,80.9304798927521,167,0.2290502972309696,0,0,0
2,False,0,1881.7251486661196,10150.810254628555,1.3394558558006482,28.0,-41.78791427475561,80.60647271128086,168,27.427833908919865,-1,1,0
5,True,2,1882.2286546458495,11463.080175988567,6.4,28.160390185880757,-46.75060097030077,86.94622267857586,169,0.50350597972988,2,0,0
4,True,0,1897.6810924425654,1344.2938502882034,5.518870028146285,59.1,-53.248802682562236,80.44744756784165,170,15.452437796715913,1,0,0
5,True,2,1905.1803475701818,12192.10264131168,4.1,22.951692924332075,-47.05829327799308,87.17920000278586,171,7.4992551276163795,2,0,0
1,True,0,1915.2973147571997,9935.306638004155,7.230858483195932,61.0,-43.020961700382436,80.95052027199254,172,10.116967187017963,0,0,0
3,False,0,1931.8391895384327,9774.229013663076,7.924130855954041,61.0,-37.92641436850705,76.37616929548624,173,16.54187478123299,-1,1,0
2,False,0,1937.7251486661196,9938.192087737973,1.3394558558006482,28.0,-39.24245972930106,81.0,174,5.885959127686874,-1,1,0
4,True,0,1956.7810924425653,1439.5595220366968,4.634614578821043,59.1,-52.84372398816445,80.45293212190867,175,19.0559437764457,1,0,0
5,True,2,1964.3222989353678,11602.244748352728,4.1,30.48833857099033,-47.67367789337769,87.59967582599302,176,7.54120649280253,2,0,0
2,False,0,1965.7251486661196,10086.74415255823,3.709620604215245,28.0,-37.96973245657379,81.0,177,1.4028497307517682,-1,1,0
1,True,0,1991.6635976544055,9935.306638004155,7.230858483195932,76.3662828972057,-42.694250367898235,80.97040635741098,178,25.938448988285927,0,0,0
5,True,2,1991.7597167185852,11313.41485628607,6.4,27.43741778321741,-47.98137020107,87.78425329118079,179,0.09611906417967475,2,0,0
2,False,0,1993.7251486661196,10184.721083337328,1.3394558558006482,28.0,-36.69700518384652,81.0,180,1.9654319475343982,-1,1,0
3,False,0,2008.1435872789468,9774.229013663076,7.924130855954041,76.30439774051405,-38.242444511305,76.48165586755835,181,14.41843861282723,-1,1,0
4,True,0,2015.8810924425652,1208.4435768775543,5.171614687264954,59.1,-52.38056622287026,80.45906516179498,182,7.73750516361838,1,0,0
0,True,-1,2016.451828880341,6584.5799824226115,12.036126057641036,,-42.413007308027204,75.3208612584285,183,0.5707364377758495,-1,0,1
5,True,2,2017.9400538616233,12156.070219597703,4.1,26.18033714303792,-47.710937491237694,87.95051127536273,184,1.488224981282201,2,0,0
5,True,2,2048.5503039712817,11409.445830716291,6.4,30.610250109658494,-47.40324518354539,88.0,185,30.61025010965841,2,0,0
2,False,1,2048.70172033714,11192.475471434818,2.9811905249994517,32.66419651239229,-38.007278077640294,76.0,186,0.15141636585849483,-1,1,0
4,True,0,2074.981092442565,1344.2938502882034,4.257239155910909,59.1,-51.8935612432001,80.46594925990902,187,26.279372105424954,1,0,0
5,True,2,2075.746305303074,11365.675010601786,4.1,27.196001331792857,-47.09555287585307,88.0,188,0.7652128605091093,2,0,0
1,True,0,2083.6635976544057,9935.306638004155,7.230858483195932,92.0,-42.355284410560444,80.990761619346,189,7.917292351331525,0,0,0
0,True,-1,2092.870588481035,9421.437969252382,7.457995066006408,,-41.76062351235445,69.75233441418946,190,9.206990826629408,-1,0,1
3,False,0,2100.143587278947,9774.229013663076,7.924130855954041,92.0,-38.54059481551282,76.59262685755802,191,7.272998797911896,-1,1,0
5,True,2,2103.145444117183,12090.081307179269,6.4,27.39913881410889,-46.78786056816077,88.0,192,3.001856838236108,2,0,0
5,True,2,2129.604931259491,12241.607962629694,4.1,26.459487142307534,-46.48016826046846,88.0,193,26.459487142307808,2,0,0
4,True,0,2134.081092442565,1439.5595220366968,5.330081590817633,59.1,-51.418544135222746,80.47367928178552,194,4.476161183074055,1,0,0
1,True,0,2144.6635976544057,9935.306638004155,7.230858483195932,61.0,-42.00754207778557,81.01220471375028,195,10.582505211840726,0,0,0
5,True,2,2156.6648788635525,11361.364011163025,6.4,27.059947604061673,-46.17247595277615,88.0,196,12.001281209146782,2,0,0
5,True,0,2186.495595064908,8348.870564674682,2.1605144595676915,19.365641111420143,-43.11890816440121,82.0,197,29.830716201355244,2,0,0
4,True,0,2193.181092442565,1208.4435768775543,4.8280100352661,59.1,-50.98975701324162,80.48234141263667,198,6.685497377657157,1,0,0
7,True,0,2215.0861181609866,3350.5953179910175,25.68871888367251,1004.2329014451525,-33.882168530686165,85.04409165530929,199,21.90502571842171,3,0,0
5,True,0,2215.0948397664692,8348.870564674682,2.1605144595676915,28.599244701561496,-43.11890816440121,88.0,200,0.00872160548260581,2,0,0
1,True,0,2221.0298805516113,9935.306638004155,7.230858483195932,76.3662828972057,-41.65459167647845,81.03534313394326,201,5.935040785142064,0,0,0
3,False,0,2237.447985019461,9774.229013663076,7.924130855954041,76.30439774051405,-39.07123307101179,76.82972427080004,202,16.418104467849844,-1,1,0
4,True,0,2252.281092442565,1344.2938502882034,4.9905993687882955,59.1,-50.63680399144245,80.49201227297523,203,14.833107423103684,1,0,0
4,True,0,2311.3810924425647,1439.5595220366968,4.788086843897442,59.1,-50.382035640924485,80.50275813238439,204,59.09999999999991,1,0,0
1,True,0,2313.0298805516113,9935.306638004155,7.230858483195932,92.0,-41.3000549553747,81.06076697690766,205,1.6487881090465635,0,0,0
3,False,0,2329.447985019461,9774.229013663076,7.924130855954041,92.0,-39.29827595573324,76.95507281070884,206,16.418104467849844,-1,1,0
4,True,0,2370.4810924425647,1208.4435768775543,5.334360505261106,59.1,-50.238601809621564,80.51463422950219,207,41.0331074231035,1,0,0
1,True,0,2374.0298805516113,9935.306638004155,7.230858483195932,61.0,-40.94756994099768,81.08904288809586,208,3.5487881090466544,0,0,0
0,True,-1,2386.7488626682125,11851.28438535063,18.28723762214186,,-37.29474514705647,77.6384059312585,209,12.718982116601182,-1,0,1
3,False,0,2390.447985019461,9774.229013663076,7.924130855954041,61.0,-39.49660474247648,77.08435798401369,210,3.6991223512486613,-1,1,0
4,True,0,2429.5810924425646,1344.2938502882034,4.286626567926482,59.1,-50.20935034801069,80.52768420519831,211,39.13310742310341,1,0,0
1,True,0,2450.396163448817,9935.306638004155,7.230858483195932,76.3662828972057,-40.60075360658333,81.12070824688085,212,20.81507100625231,0,0,0
4,True,0,2488.6810924425645,1439.5595220366968,4.687580704489085,59.1,-50.28667167522811,80.5419396547597,213,38.2849289937476,1,0,0
1,True,0,2542.396163448817,9935.306638004155,7.230858483195932,92.0,-40.26316475704024,81.15626565231659,214,53.7150710062524,0,0,0
4,True,0,2547.7810924425644,1208.4435768775543,4.872416780933762,59.1,-50.45330235682324,80.55741980368019,215,5.384928993747508,1,0,0
3,False,0,2558.7523827599753,9774.229013663076,7.924130855954041,92.0,-39.799295063698075,77.35270650781904,216,10.971290317410876,-1,1,0
1,True,0,2603.396163448817,9935.306638004155,7.230858483195932,61.0,-39.93826751079541,81.19617776579163,217,44.643780688841616,0,0,0
4,True,0,2606.8810924425643,1344.2938502882034,4.876803895831362,59.1,-50.6840129050439,80.5741313103809,218,3.484928993747417,1,0,0
6,False,0,2657.5227415264767,5654.614165129534,5.66552168289604,1001.0536874122414,-35.65252360368994,65.54259594371266,219,50.6416490839124,-1,1,0
4,True,0,2665.981092442564,1439.5595220366968,4.62096859197406,59.1,-50.9480239230986,80.59206819788585,220,8.458350916087511,1,0,0
1,True,0,2679.7624463460224,9935.306638004155,7.230858483195932,76.3662828972057,-39.62939575325154,81.24086256349717,221,13.781353903458239,0,0,0
3,False,0,2696.0567805004894,9774.229013663076,7.924130855954041,76.30439774051405,-39.96691185736116,77.63038686687915,222,16.294334154466924,-1,1,0
4,True,0,2725.081092442564,1208.4435768775543,5.590535581494824,59.1,-51.21192793379632,80.61121191515377,223,29.024311942074746,1,0,0
1,True,0,2771.7624463460224,9935.306638004155,7.230858483195932,92.0,-39.339718926611305,81.29068904742577,224,46.68135390345833,0,0,0
3,False,0,2788.0567805004894,9774.229013663076,7.924130855954041,92.0,-39.997697921709225,77.77124707721599,225,16.294334154466924,-1,1,0
1,True,0,2832.7624463460224,9935.306638004155,7.230858483195932,61.0,-39.072209507111396,81.34597345891144,226,44.705665845533076,0,0,0
4,True,0,2843.281092442564,1439.5595220366968,5.645800324679314,59.1,-51.61154166351625,80.65298403371357,227,10.518646096541488,1,0,0
3,False,0,2849.0567805004894,9774.229013663076,7.924130855954041,61.0,-39.99259287223903,77.91263403942534,228,5.775688057925436,-1,1,0
4,True,0,2902.381092442564,1208.4435768775543,4.37443805358892,59.1,-51.69516694685201,80.67551480793638,229,53.32431194207447,1,0,0
1,True,0,2909.128729243228,9935.306638004155,7.230858483195932,76.3662828972057,-38.829612503393975,81.4069760335658,230,6.747636800664168,0,0,0
3,False,0,2925.3611782410035,9774.229013663076,7.924130855954041,76.30439774051405,-39.951649093666376,78.05392446043301,231,16.232448997775464,-1,1,0
0,True,-1,2945.2016576071405,7030.552071989302,23.504944194273055,,-51.23435049640541,87.58074560779622,232,19.84047936613706,-1,0,1
4,True,0,2961.4810924425637,1344.2938502882034,4.263380537651004,59.1,-51.67945195907202,80.69905815956987,233,16.279434835423217,1,0,0
1,True,0,3001.128729243228,9935.306638004155,7.230858483195932,92.0,-38.61441728900338,81.47389833090837,234,39.64763680066426,0,0,0
3,False,0,3017.3611782410035,9774.229013663076,7.924130855954041,92.0,-39.8752867245652,78.19449603780814,235,16.232448997775464,-1,1,0
4,True,0,3020.5810924425637,1439.5595220366968,4.590570799210036,59.1,-51.560072238411266,80.7235380076641,236,3.2199142015601865,1,0,0
1,True,0,3062.128729243228,9935.306638004155,7.230858483195932,61.0,-38.428832058044904,81.54688116609327,237,41.54763680066435,0,0,0
3,False,0,3078.3611782410035,9774.229013663076,7.924130855954041,61.0,-39.76428934617728,78.33373384542831,238,16.232448997775464,-1,1,0
4,True,0,3079.6810924425636,1208.4435768775543,4.678081137666915,59.1,-51.34310644923971,80.74886866154812,239,1.3199142015600955,1,0,0
1,True,0,3138.4950121404336,9935.306638004155,7.230858483195932,76.3662828972057,-38.27476116612513,81.62600316495512,240,58.813919697870006,0,0,0
4,True,0,3138.7810924425635,1344.2938502882034,4.459474793575475,59.1,-51.04452882119461,80.77495570013225,241,0.28608030212990343,1,0,0
3,False,0,3154.6655759815176,9774.229013663076,7.924130855954041,76.30439774051405,-39.61979594180832,78.47103664345367,242,15.8844835389541,-1,1,0
4,True,0,3197.8810924425634,1439.5595220366968,5.540491139743043,59.1,-50.688784257157195,80.80169694079628,243,43.21551646104581,1,0,0
1,True,0,3230.4950121404336,9935.306638004155,7.230858483195932,92.0,-38.15378558908639,81.71127995720163,244,32.61391969787019,0,0,0
3,False,0,3246.6655759815176,9774.229013663076,7.924130855954041,92.0,-39.44328920931797,78.60582304786128,245,16.170563841084004,-1,1,0
4,True,0,3256.9810924425633,1208.4435768775543,4.967931859830886,59.1,-50.30657638987911,80.82898348792132,246,10.315516461045718,1,0,0
7,True,0,3266.7421515274305,3211.356605699212,25.68871888367251,1051.656033366444,-34.333781433911966,85.04827122324214,247,9.761059084867156,3,0,0
1,True,0,3291.4950121404336,9935.306638004155,7.230858483195932,61.0,-38.0671467000552,81.80266401603156,248,24.752860613003122,0,0,0
3,False,0,3307.6655759815176,9774.229013663076,7.924130855954041,61.0,-39.236580346633346,78.73753749623192,249,16.170563841084004,-1,1,0
1,True,0,3367.861295037639,9935.306638004155,7.230858483195932,76.3662828972057,-38.01573353127417,81.90004514582411,250,60.19571905612156,0,0,0
4,True,0,3375.181092442563,1439.5595220366968,5.54431526939323,59.1,-49.599772206818514,80.88473011600266,251,7.319797404923975,1,0,0
3,False,0,3383.9699737220317,9774.229013663076,7.924130855954041,76.30439774051405,-39.001790466407385,78.86565594857238,252,8.78888127946857,-1,1,0
4,True,0,3434.281092442563,1208.4435768775543,4.246747111147883,59.1,-49.34135456542237,80.91294917251167,253,50.31111872053134,1,0,0
1,True,0,3459.861295037639,9935.306638004155,7.230858483195932,92.0,-38.00007365142814,82.00325161289507,254,25.580202595076116,0,0,0
3,False,0,3475.9699737220317,9774.229013663076,7.924130855954041,92.0,-38.741328830532666,78.98969126467487,255,16.108678684392544,-1,1,0
4,True,0,3493.381092442563,1344.2938502882034,4.575417716254451,59.1,-49.18274711497955,80.94123395982413,256,17.41111872053125,1,0,0
1,True,0,3520.861295037639,9935.306638004155,7.230858483195932,61.0,-38.020327752075524,82.11205190771679,257,27.480202595076207,0,0,0
4,True,0,3552.481092442563,1439.5595220366968,4.780542417638369,59.1,-49.141731495679075,80.96945974344382,258,31.619797404923702,1,0,0
1,True,0,3597.2275779348447,9935.306638004155,7.230858483195932,76.3662828972057,-38.0762879987355,82.22615712051928,259,44.74648549228186,0,0,0
4,True,0,3611.5810924425627,1208.4435768775543,4.879016117280993,59.1,-49.22627796607281,80.99750239433223,260,14.353514507718046,1,0,0
3,False,0,3613.274371462546,9774.229013663076,7.924130855954041,76.30439774051405,-38.15431704876502,79.22377798863293,261,1.6932790199830379,-1,1,0
6,False,0,3658.576428938718,5853.985882124995,5.66552168289604,1001.0536874122414,-35.0879344525578,65.60031992691988,262,45.302057476172195,-1,1,0
1,True,0,3689.2275779348447,9935.306638004155,7.230858483195932,92.0,-38.16738016355103,82.34522390589534,263,30.65114899612672,0,0,0
3,False,0,3705.274371462546,9774.229013663076,7.924130855954041,92.0,-37.833790438106895,79.33308240690113,264,16.046793527701084,-1,1,0
4,True,0,3729.7810924425626,1439.5595220366968,4.540275960490482,59.1,-49.75119731743776,81.0,265,24.50672098001678,1,0,0
1,True,0,3750.2275779348447,9935.306638004155,7.230858483195932,61.0,-38.29266951764371,82.46885800598906,266,20.446485492282136,0,0,0
3,False,0,3766.274371462546,9774.229013663076,7.924130855954041,61.0,-37.49957733264694,79.43681737488052,267,16.046793527701084,-1,1,0
1,True,0,3826.5938608320503,9935.306638004155,7.230858483195932,76.3662828972057,-38.45087042269696,82.59661829611501,268,60.31948936950448,0,0,0
3,False,0,3842.57876920306,9774.229013663076,7.924130855954041,76.30439774051405,-37.15510721110979,79.534745959909,269,15.984908371009624,-1,1,0
1,True,0,3918.5938608320503,9935.306638004155,7.230858483195932,92.0,-38.64035952334491,82.72802131129437,270,76.01509162899038,0,0,0
3,False,0,3934.57876920306,9774.229013663076,7.924130855954041,92.0,-36.80391480308495,79.62669081067081,271,15.984908371009624,-1,1,0
1,True,0,3979.5938608320503,9935.306638004155,7.230858483195932,61.0,-38.859192404995184,82.86254620725988,272,45.015091628990376,0,0,0
3,False,0,3995.57876920306,9774.229013663076,7.924130855954041,61.0,-36.44960381791802,79.71253597706104,273,15.984908371009624,-1,1,0
1,True,0,4055.960143729256,9935.306638004155,7.230858483195932,76.3662828972057,-39.10512354615386,82.99964010502286,274,60.38137452619594,0,0,0
3,False,0,4071.883166943574,9774.229013663076,7.924130855954041,76.30439774051405,-36.095809965776176,79.79222809999064,275,15.923023214318164,-1,1,0
1,True,0,4147.960143729256,9935.306638004155,7.230858483195932,92.0,-39.37562936051464,83.13872376415978,276,76.07697678568184,0,0,0
3,False,0,4163.883166943574,9774.229013663076,7.924130855954041,92.0,-35.746163650341984,79.86577695892286,277,15.923023214318164,-1,1,0
1,True,0,4208.960143729256,9935.306638004155,7.230858483195932,61.0,-39.66793409236931,83.27919752660274,278,45.076976785681836,0,0,0
3,False,0,4224.883166943574,9774.229013663076,7.924130855954041,61.0,-35.40425271595884,79.93325537152272,279,15.923023214318164,-1,1,0
7,True,0,4244.040955374653,3162.53663754098,25.68871888367251,977.2988038472233,-34.785394337137774,85.05228647449718,280,19.157788431079098,3,0,0
3,False,0,4301.187564684088,9774.229013663076,7.924130855954041,76.30439774051405,-35.07358563149295,79.99479844644925,281,57.14660930943501,-1,1,0
1,True,0,4377.326426626461,9935.306638004155,7.230858483195932,92.0,-40.305749632101765,83.56185170710515,282,76.1388619423733,0,0,0
3,False,0,4393.187564684088,9774.229013663076,7.924130855954041,92.0,-34.75755548869499,80.0,283,15.861138057626704,-1,1,0
3,False,0,4454.187564684088,9774.229013663076,7.924130855954041,61.0,-34.45940518448718,80.0,284,61.0,-1,1,0
1,True,0,4514.692709523667,9935.306638004155,7.230858483195932,76.3662828972057,-40.99245792221443,83.84263399592713,285,60.50514483957886,0,0,0
3,False,0,4530.491962424602,9774.229013663076,7.924130855954041,76.30439774051405,-34.18219414445251,80.0,286,15.799252900935244,-1,1,0
1,True,0,4606.692709523667,9935.306638004155,7.230858483195932,92.0,-41.345408323521546,83.98078589831479,287,76.20074709906476,0,0,0
3,False,0,4622.491962424602,9774.229013663076,7.924130855954041,92.0,-33.92876692898821,80.0,288,15.799252900935244,-1,1,0
6,False,0,4659.63011635096,5400.0,5.66552168289604,1001.0536874122414,-34.606809760193094,65.65320786089053,289,37.13815392635752,-1,1,0
1,True,0,4667.692709523667,9935.306638004155,7.230858483195932,61.0,-41.6999450446253,84.0,290,8.062593172707238,0,0,0
3,False,0,4683.491962424602,9774.229013663076,7.924130855954041,61.0,-33.70172404426676,80.0,291,15.799252900935244,-1,1,0
1,True,0,4744.0589924208725,9935.306638004155,7.230858483195932,76.3662828972057,-42.05243005900232,84.0,292,60.56702999627032,0,0,0
3,False,0,4759.796360165116,9774.229013663076,7.924130855954041,76.30439774051405,-33.50339525752352,80.0,293,15.737367744243784,-1,1,0
1,True,0,4836.0589924208725,9935.306638004155,7.230858483195932,92.0,-42.39924639341666,84.0,294,76.26263225575622,0,0,0
3,False,0,4851.796360165116,9774.229013663076,7.924130855954041,92.0,-33.3358156904922,80.0,295,15.737367744243784,-1,1,0
7,True,0,5332.532489396219,3198.1565374431693,25.68871888367251,1088.4915340215653,-35.23700724036358,85.05626171286008,296,480.7361292311025,3,0,0
6,False,0,5660.683803763201,5654.614165129534,5.66552168289604,1001.0536874122414,-34.25028197750118,65.70137906664144,297,328.15131436698175,-1,1,0
7,True,0,6326.996449647197,3251.6855264247606,25.68871888367251,994.463960250978,-35.68862014358939,85.06032165270292,298,666.3126458839961,3,0,0
7,True,0,7384.426387780935,3209.8593197005866,25.68871888367251,1057.4299381337385,-36.1402330468152,85.06459013924598,299,1057.4299381337387,3,0,0
6,False,0,7662.791178587684,5400.0,5.66552168289604,1001.0536874122414,-34.02278729267548,65.78428885657775,300,278.3647908067487,-1,1,0
7,True,0,8392.406411749293,3249.8670608335397,25.68871888367251,1007.9800239683566,-36.591845950041005,85.06918887773814,301,729.6152331616086,3,0,0
6,False,0,8663.844865999927,5654.614165129534,5.66552168289604,1001.0536874122414,-34.173963731092286,65.81950071969985,302,271.4384542506341,-1,1,0
7,True,0,9483.541132053113,3453.3831814596124,25.68871888367251,1091.1347203038213,-37.043458853266806,85.07423618459647,303,819.6962660531863,3,0,0
6,False,0,9664.898553412168,5853.985882124995,5.66552168289604,1001.0536874122414,-34.49197963446127,65.85093755599316,304,181.35742135905457,-1,1,0
6,False,0,10665.952240824408,5400.0,5.66552168289604,1001.0536874122414,-34.95190113970486,65.87893880376464,305,1001.0536874122408,-1,1,0
7,True,0,10686.85384181033,3308.3470203321235,25.68871888367251,1203.312709757218,-37.495071756492614,85.0798457733195,306,20.901600985922414,3,0,0
7,True,0,11641.343244674828,3241.0800941325415,25.68871888367251,954.4894028644969,-37.94668465971842,85.086125587633,307,954.4894028644976,3,0,0
6,False,0,11667.00592823665,5654.614165129534,5.66552168289604,1001.0536874122414,-35.517153555788724,65.90387915510853,308,25.662683561820813,-1,1,0
6,False,0,12668.05961564889,5853.985882124995,5.66552168289604,1001.0536874122414,-36.142818482653354,65.92616471105852,309,1001.0536874122408,-1,1,0
7,True,0,12682.5792027072,3260.167639265465,25.68871888367251,1041.235958032372,-38.39829756294423,85.09317669384122,310,14.519587058310208,3,0,0
6,False,0,13669.11330306113,5400.0,5.66552168289604,1001.0536874122414,-36.77968270925203,65.94622881444153,311,986.5341003539306,-1,1,0
7,True,0,13698.892024819144,3278.3414933972554,25.68871888367251,1016.3128221119439,-38.84991046617004,85.10109224374979,312,29.77872175801349,3,0,0
6,False,0,15671.220677885613,5853.985882124995,5.66552168289604,1001.0536874122414,-37.8952380450096,65.98153532976895,313,1972.3286530664682,-1,1,0
7,True,0,15764.450164693159,3480.239156508675,25.68871888367251,1093.2840517233938,-38.246863727378354,85.11984406523834,314,93.22948680754598,3,0,0
6,False,0,16672.274365297853,5400.0,5.66552168289604,1001.0536874122414,-38.293374226875876,65.99773949466505,315,907.8242006046949,-1,1,0
7,True,0,16785.28027752007,3191.1647091558502,25.68871888367251,1020.8301128269121,-37.795250824152546,85.13081892914863,316,113.00591222221556,3,0,0
6,False,0,17673.328052710094,5654.614165129534,5.66552168289604,1001.0536874122414,-38.5487651284771,66.01363584401078,317,888.0477751900253,-1,1,0
7,True,0,17887.851735645985,3446.66186792635,25.68871888367251,1102.571458125917,-37.34363792092674,85.14293399927512,318,214.52368293589097,3,0,0
6,False,0,18674.381740122335,5853.985882124995,5.66552168289604,1001.0536874122414,-38.65090993948749,66.02972328253877,319,786.5300044763499,-1,1,0
7,True,0,18903.685622216653,3484.566252858629,25.68871888367251,1015.8338865706673,-36.89202501770093,85.15623046430099,320,229.3038820943184,3,0,0
6,False,0,19675.435427534576,5400.0,5.66552168289604,1001.0536874122414,-38.60394923752034,66.04649875414812,321,771.7498053179224,-1,1,0
7,True,0,19914.037501155428,3179.12095916119,25.68871888367251,1010.3518789387738,-36.44041211447513,85.17073739019915,322,238.60207362085202,3,0,0
6,False,0,20676.489114946817,5654.614165129534,5.66552168289604,1001.0536874122414,-38.42614658293692,66.06445214258738,323,762.4516137913888,-1,1,0
7,True,0,21004.801929917496,3328.8831956971803,25.68871888367251,1090.7644287620694,-35.98879921124932,85.1864714219759,324,328.312814970679,3,0,0
6,False,0,21677.542802359058,5853.985882124995,5.66552168289604,1001.0536874122414,-38.14807014786713,66.08406124458453,325,672.7408724415618,-1,1,0
7,True,0,22154.693082461887,3236.446012490294,25.68871888367251,1149.8911525443898,-35.537186308023514,85.2034366128707,326,477.15028010282913,3,0,0
6,False,0,22678.5964897713,5400.0,5.66552168289604,1001.0536874122414,-37.80964263266131,66.10578686700583,327,523.9034073094117,-1,1,0
7,True,0,23120.94753297973,3462.2035189084686,25.68871888367251,966.2544505178463,-35.08557340479771,85.22162438276445,328,442.3510432084331,3,0,0
6,False,0,23679.65017718354,5654.614165129534,5.66552168289604,1001.0536874122414,-37.456331557319665,66.13006809835393,329,558.7026442038077,-1,1,0
7,True,0,24193.967246672903,3108.9406160775006,25.68871888367251,1073.0197136931718,-34.6339605015719,85.24101360622306,330,514.3170694893633,3,0,0
6,False,0,24680.70386459578,5853.985882124995,5.66552168289604,1001.0536874122414,-37.134830878090845,66.1573178031256,331,486.7366179228775,-1,1,0
7,True,0,25294.45554252585,3207.294992285759,25.68871888367251,1100.4882958529502,-34.1823475983461,85.2615708292731,332,613.7516779300713,3,0,0
6,False,0,25681.75755200802,5400.0,5.66552168289604,1001.0536874122414,-36.888631536825265,66.18791838526326,333,387.3020094821695,-1,1,0
7,True,0,26317.01534825303,3248.558294002609,25.68871888367251,1022.5598057271793,-33.73073469512029,85.28325061268472,334,635.2577962450086,3,0,0
6,False,0,26682.81123942026,5654.614165129534,5.66552168289604,1001.0536874122414,-36.753888723316834,66.22221786417312,335,365.7958911672322,-1,1,0
6,False,0,27683.864926832503,5853.985882124995,5.66552168289604,1001.0536874122414,-36.75596638586742,66.2605263035751,336,1001.0536874122408,-1,1,0
7,True,0,28592.853583557193,3123.7084301631776,25.68871888367251,1062.383392284232,-32.827508888668675,85.32973909319996,337,908.9886567246904,3,0,0
6,False,0,28684.918614244743,5400.0,5.66552168289604,1001.0536874122414,-36.90697736192237,66.30311262982949,338,92.06503068755046,-1,1,0
6,False,0,29685.972301656984,5654.614165129534,5.66552168289604,1001.0536874122414,-37.20454612103426,66.35020187238855,339,1001.0536874122408,-1,1,0
7,True,0,29710.162707992833,3176.3789213082846,25.68871888367251,1117.3091244356383,-32.37589598544287,85.3544017669786,340,24.19040633584882,3,0,0
6,False,0,30687.025989069225,5853.985882124995,5.66552168289604,1001.0536874122414,-37.63190889870161,66.40197285468983,341,976.863281076392,-1,1,0
7,True,0,30820.932057059807,3198.252600957769,25.68871888367251,1110.7693490669733,-32.07571691778294,85.37989645286576,342,133.9060679905815,3,0,0
6,False,0,31688.079676481466,5400.0,5.66552168289604,1001.0536874122414,-38.159343244966855,66.45855635918572,343,867.1476194216593,-1,1,0
6,False,0,32689.133363893707,5654.614165129534,5.66552168289604,1001.0536874122414,-38.74679697617699,66.52003378533855,344,1001.0536874122408,-1,1,0
7,True,0,33092.43873597604,3428.049804811917,25.68871888367251,1092.2397017764913,-32.97894272423455,85.43298989243564,345,403.30537208233,3,0,0
6,False,0,33690.18705130595,5853.985882124995,5.66552168289604,1001.0536874122414,-39.34747639631005,66.58643631435186,346,597.7483153299108,-1,1,0
7,True,0,34159.2387899931,3106.0566359220957,25.68871888367251,1066.8000540170597,-33.43055562746036,85.46037484697553,347,469.05173868715065,3,0,0
7,True,0,35209.85873036608,3186.6649803063956,25.68871888367251,1050.6199403729822,-33.882168530686165,85.48816640920684,348,1050.6199403729843,3,0,0
6,False,0,35692.29442613043,5654.614165129534,5.66552168289604,1001.0536874122414,-40.3931902398069,66.733888913303,349,482.43569576434675,-1,1,0
7,True,0,36265.43680270517,3324.1385356360465,25.68871888367251,1055.5780723390824,-34.333781433911966,85.51624490579012,350,573.1423765747386,3,0,0
6,False,0,36693.34811354267,5853.985882124995,5.66552168289604,1001.0536874122414,-40.74971802249882,66.81474996561663,351,427.91131083750224,-1,1,0
7,True,0,37392.44810507241,3230.4906952404613,25.68871888367251,1127.0113023672454,-34.785394337137774,85.5444877190512,352,699.0999915297434,3,0,0
6,False,0,37694.40180095491,5400.0,5.66552168289604,1001.0536874122414,-40.95050015954772,66.90016002511898,353,301.9536958824974,-1,1,0
7,True,0,38552.62926984511,3162.891499286776,25.68871888367251,1160.1811647726936,-35.23700724036358,85.57277054520443,354,858.2274688901962,3,0,0
6,False,0,38695.45548836715,5654.614165129534,5.66552168289604,1001.0536874122414,-40.97721270732452,66.98990469180936,355,142.82621852204466,-1,1,0
6,False,0,39696.50917577939,5853.985882124995,5.66552168289604,1001.0536874122414,-40.826036268907714,67.08372508675177,356,1001.0536874122408,-1,1,0
7,True,0,40621.45111121064,3318.73575814052,25.68871888367251,1042.1245162560367,-36.1402330468152,85.62895824785079,357,924.9419354312486,3,0,0
6,False,0,41698.616550603874,5654.614165129534,5.66552168289604,1001.0536874122414,-40.04809886029514,67.282351518816,358,1077.165439393233,-1,1,0
7,True,0,41738.781276751266,3372.39318015589,25.68871888367251,1117.3301655406249,-36.591845950041005,85.65661757387475,359,40.164726147391775,3,0,0
7,True,0,42676.94601859932,3265.107691565126,25.68871888367251,938.164741848058,-37.043458853266806,85.68382833153255,360,938.164741848057,3,0,0
6,False,0,42699.670238016115,5853.985882124995,5.66552168289604,1001.0536874122414,-39.48284644421128,67.38644342553663,361,22.72421941679204,-1,1,0
6,False,0,43700.723925428356,5400.0,5.66552168289604,1001.0536874122414,-38.857181517346646,67.49319012765115,362,1001.0536874122408,-1,1,0
7,True,0,43727.23425436536,3304.232631546497,25.68871888367251,1050.2882357660321,-37.495071756492614,85.71047680732565,363,26.51032893700176,3,0,0
6,False,0,44701.7776128406,5654.614165129534,5.66552168289604,1001.0536874122414,-38.22031729074798,67.60215828233268,364,974.5433584752391,-1,1,0
7,True,0,44899.294361010594,3334.4016784176765,25.68871888367251,1172.060106645234,-37.94668465971842,85.73645505752827,365,197.5167481699973,3,0,0
6,False,0,45702.83130025284,5853.985882124995,5.66552168289604,1001.0536874122414,-37.62133175083195,67.71289175164483,366,803.5369392422435,-1,1,0
7,True,0,46034.14359141494,3356.003570233465,25.68871888367251,1134.849230404347,-38.39829756294423,85.7616620158362,367,331.31229116210307,3,0,0
7,True,0,47117.58982381228,3288.176264976111,25.68871888367251,1083.446232397344,-38.84991046617003,85.78600453044375,368,1083.446232397342,3,0,0
6,False,0,47704.93867507732,5654.614165129534,5.66552168289604,1001.0536874122414,-36.706625773124124,67.93774437630269,369,587.3488512650365,-1,1,0
7,True,0,48147.760823645905,3335.0505770097366,25.68871888367251,1030.1709998336207,-38.69847663060416,85.8093983199074,370,442.8221485685863,3,0,0
6,False,0,48705.99236248956,5853.985882124995,5.66552168289604,1001.0536874122414,-36.4512348715229,68.05088028502148,371,558.2315388436546,-1,1,0
7,True,0,49106.066809838594,3351.973603379484,25.68871888367251,958.3059861926915,-38.246863727378354,85.83176883798745,372,400.074447349034,3,0,0
6,False,0,49707.0460499018,5400.0,5.66552168289604,1001.0536874122414,-36.34909006051251,68.163825104558,373,600.9792400632068,-1,1,0
6,False,0,50708.09973731404,5654.614165129534,5.66552168289604,1001.0536874122414,-36.39605076247966,68.27608189101316,374,1001.0536874122408,-1,1,0
7,True,0,51005.88956522015,3186.133093008642,25.68871888367251,1000.7230837590738,-37.34363792092674,85.87319503298296,375,297.7898279061119,3,0,0
6,False,0,51709.15342472628,5853.985882124995,5.66552168289604,1001.0536874122414,-36.57385341706308,68.38716076063841,376,703.2638595061289,-1,1,0
7,True,0,52170.83303397577,3342.9358736863396,25.68871888367251,1164.9434687556134,-36.89202501770093,85.89215663247322,377,461.6796092494842,3,0,0
6,False,0,52710.20711213852,5400.0,5.66552168289604,1001.0536874122414,-36.85192985213287,68.4965839167058,378,539.3740781627566,-1,1,0
7,True,0,53195.379097319215,3317.1219586376155,25.68871888367251,1024.5460633434493,-36.44041211447513,85.90990777109118,379,485.171985180692,3,0,0
6,False,0,53711.260799550764,5654.614165129534,5.66552168289604,1001.0536874122414,-37.19035736733869,68.60389055234901,380,515.8817022315488,-1,1,0
7,True,0,54276.57890649702,3179.1067613664954,25.68871888367251,1081.199809177809,-35.98879921124932,85.92643180383057,381,565.3181069462589,3,0,0
6,False,0,54712.314486963005,5853.985882124995,5.66552168289604,1001.0536874122414,-37.543668442680335,68.70864157906543,382,435.7355804659819,-1,1,0
7,True,0,55306.77448127723,3234.1265117785515,25.68871888367251,1030.1955747802085,-35.537186308023514,85.94172467745189,383,594.4599943142239,3,0,0
6,False,0,55713.368174375246,5400.0,5.66552168289604,1001.0536874122414,-37.86516912190915,68.81042413235828,384,406.59369309801696,-1,1,0
7,True,0,56326.58740803401,3309.569722747618,25.68871888367251,1019.8129267567813,-35.085573404797714,85.95579497207427,385,613.2192336587614,3,0,0
6,False,0,56714.42186178749,5654.614165129534,5.66552168289604,1001.0536874122414,-38.11136846317473,68.90885580828513,386,387.83445375347947,-1,1,0
7,True,0,57507.03632546612,3262.6811491872045,25.68871888367251,1180.4489174321154,-34.6339605015719,85.96866381313178,387,792.6144636786339,3,0,0
6,False,0,58716.52923661197,5400.0,5.66552168289604,1001.0536874122414,-38.24403361413258,69.0,388,1209.4929111458478,-1,1,0
6,False,0,59717.58292402421,5654.614165129534,5.66552168289604,1001.0536874122414,-38.09302263807763,69.0,389,1001.0536874122408,-1,1,0
7,True,0,59728.01207193859,3461.4747538053066,25.68871888367251,1153.0322229688127,-33.73073469512029,85.99094293570238,390,10.429147914379428,3,0,0
7,True,0,60716.94177722783,3408.3781436340337,25.68871888367251,988.929705289243,-33.27912179189448,86.0,391,988.9297052892434,3,0,0
6,False,0,60718.63661143645,5853.985882124995,5.66552168289604,1001.0536874122414,-37.795453878965745,69.0,392,1.6948342086179764,-1,1,0
6,False,0,61719.69029884869,5400.0,5.66552168289604,1001.0536874122414,-37.36809110129839,69.0,393,1001.0536874122408,-1,1,0
6,False,0,62720.74398626093,5654.614165129534,5.66552168289604,1001.0536874122414,-36.840656755033145,69.0,394,1001.0536874122408,-1,1,0
7,True,0,62823.92241681652,3110.9272296498834,25.68871888367251,1105.718637678878,-32.37589598544287,86.0,395,103.17843055558478,3,0,0
7,True,0,63936.52153356568,3373.402751091083,25.68871888367251,1112.5991167491666,-32.075716917782934,86.0,396,1112.5991167491666,3,0,0
7,True,0,65037.04168018589,3343.0205098647402,25.68871888367251,1100.5201466202031,-32.52732982100874,86.0,397,1100.5201466202052,3,0,0
7,True,0,66161.8123767187,3402.0391363744156,25.68871888367251,1124.7706965328196,-32.97894272423455,86.0,398,1124.770696532818,3,0,0
7,True,0,67109.75041594221,3110.456187905766,25.68871888367251,947.9380392235057,-33.43055562746036,86.0,399,947.9380392235034,3,0,0
