tag,known,mode_index,toa,rf,pw,pri,pa,doa,pulse_index,dtoa,mapped_label,is_unknown,is_noise
0,True,-1,1.3302663336225666,6157.697809457952,3.8511700895058008,,-52.01547474546415,77.87275610392905,0,0.0,-1,0,1
0,True,-1,39.57549404364703,6099.54144644322,6.857480784814288,,-43.11625024700165,83.01309740745394,1,38.245227710024466,-1,0,1
2,False,0,51.58507408890282,10029.233409110057,1.2155696046040787,28.0,-39.35749269557065,76.14241671279086,2,12.009580045255788,-1,1,0
4,True,0,61.651570045245,1210.5517256082805,4.9618892069077924,59.1,-49.70160965109773,80.07112511023391,3,10.06649595634218,1,0,0
2,False,0,79.58507408890281,9823.989473474974,3.7821006855500867,28.0,-38.99385633193428,76.25438581853835,4,17.933504043657813,-1,1,0
5,True,1,88.94283812716102,10200.0,4.203923558856964,29.0,-39.12093566808093,82.33754281749756,5,9.35776403825821,2,0,0
1,True,0,90.2692242569945,9771.871572737173,8.576135010613996,62.27580928614646,-44.73360100364911,79.37609103020856,6,1.3263861298334803,0,0,0
2,False,0,107.58507408890281,9994.976276103775,1.2155696046040787,28.0,-38.630219968297915,76.36509416077776,7,17.31584983190831,-1,1,0
5,True,1,117.94283812716102,11342.929255787836,5.0545616509326505,29.0,-40.12093566808093,82.6848834925606,8,10.35776403825821,2,0,0
4,True,0,120.751570045245,1319.5971470070351,5.3292998130032005,59.1,-49.78180719638537,80.075997589634,9,2.8087319180839785,1,0,0
3,False,0,123.40604376647315,9800.108517976658,7.661651876798326,61.0,-39.915955614209665,75.21700321444861,10,2.6544737212281433,-1,1,0
2,False,0,135.58507408890281,10105.832665428889,3.7821006855500867,28.0,-38.266583604661555,76.47423712590074,11,12.179030322429668,-1,1,0
5,True,1,146.94283812716102,12189.922940940178,5.25970980589827,29.0,-41.12093566808093,83.00862642997575,12,11.35776403825821,2,0,0
2,False,0,163.58507408890281,9941.954088476648,1.2155696046040787,28.0,-37.90294724102519,76.58152051762528,13,16.64223596174179,-1,1,0
1,True,0,167.1449416525776,9771.871572737173,8.576135010613996,76.8757173955831,-44.613673034868434,79.47788021116757,14,3.5598675636747714,0,0,0
5,True,1,175.94283812716102,10200.0,5.392361035132662,29.0,-42.12093566808093,83.30328298752173,15,8.797896474583439,2,0,0
0,True,-1,176.72207692574136,2444.505417091941,5.145256479599007,,-47.25732381916571,79.2143216134019,16,0.7792387985803373,-1,0,1
4,True,0,179.851570045245,1440.668112458121,5.068516873588354,59.1,-49.93943728320031,80.08045074404251,17,3.1294931195036497,1,0,0
2,False,0,191.58507408890281,10142.572881464796,3.7821006855500867,28.0,-37.53931087738883,76.68666251482362,18,11.733504043657803,-1,1,0
3,False,0,200.27899698642014,9800.108517976658,7.661651876798326,76.872953219947,-39.966731633037405,75.23562129227986,19,8.693922897517325,-1,1,0
5,True,1,204.94283812716102,11342.929255787836,3.5333951402695485,29.0,-43.12093566808093,83.56482303551806,20,4.663841140740885,2,0,0
0,True,-1,212.60327432997482,11175.340787780435,1.745331646577686,,-38.49904434055479,76.69083582653408,21,7.6604362028137984,-1,0,1
2,False,0,219.58507408890281,10185.237316998808,1.2155696046040787,28.0,-37.17567451375246,76.78939554699521,22,6.981799758927991,-1,1,0
0,True,-1,223.25391559330663,8225.491137936744,1.7086163322718537,,-40.06600713582249,80.40737650577157,23,3.668841504403815,-1,0,1
0,True,-1,232.08524129583242,10334.598355944634,5.730494968283453,,-39.89869159672923,77.11513846430726,24,8.831325702525788,-1,0,1
5,True,1,233.94283812716102,12189.922940940178,5.401149773194413,29.0,-43.87906433191907,83.79087704435558,25,1.8575968313286069,2,0,0
0,True,-1,236.40155939116792,2925.693730834345,5.310459180957405,,-45.1370018856413,80.09479642117351,26,2.458721264006897,-1,0,1
4,True,0,238.951570045245,1210.5517256082805,4.4733710977884655,59.1,-50.17018112859944,80.08454136488031,27,2.5500106540770844,1,0,0
0,True,-1,243.49543560429194,9900.52184177283,5.766356994285209,,-37.12561869637145,87.74810902062329,28,4.543865559046935,-1,0,1
0,True,-1,245.67814756552593,10391.13952935254,1.9430337301961034,,-39.75118351346431,75.11991220287707,29,2.1827119612339914,-1,0,1
2,False,0,247.58507408890281,10098.685341433456,3.7821006855500867,28.0,-36.8120381501161,76.88946807490429,30,1.9069265233768817,-1,1,0
1,True,0,258.8050814711768,9771.871572737173,8.576135010613996,91.66013981859915,-44.47302408576059,79.57692131030954,31,11.220007382273963,0,0,0
5,True,1,262.942838127161,10200.0,4.530848090237565,29.0,-42.87906433191907,83.98085490260534,32,4.137756655984219,2,0,0
2,False,0,275.58507408890284,10115.045670732636,1.2155696046040787,28.0,-36.448401786479735,76.98664626453207,33,12.642235961741846,-1,1,0
5,True,1,291.942838127161,11342.929255787836,6.028176306059965,29.0,-41.87906433191907,84.13597550766976,34,16.357764038258154,2,0,0
3,False,0,292.2789969864201,9800.108517976658,7.661651876798326,92.0,-39.99443712481774,75.25310348142936,35,0.3361588592591147,-1,1,0
4,True,0,298.051570045245,1319.5971470070351,5.620714700470478,59.1,-50.46549301078618,80.08832865616934,36,5.772573058824889,1,0,0
0,True,-1,303.31407454195454,2930.7218491888943,1.3565867713923692,,-37.82878796810236,84.01056745357407,37,5.262504496709539,-1,0,1
2,False,0,303.58507408890284,9970.781919874264,3.7821006855500867,28.0,-36.084765422843375,77.08071554320345,38,0.2709995469483033,-1,1,0
1,True,0,321.08089075732323,9771.871572737173,8.576135010613996,62.27580928614646,-44.31259015187646,79.67298735760396,39,17.49581666842039,0,0,0
2,False,0,331.58507408890284,10012.472595040519,1.2155696046040787,28.0,-35.72112905920701,77.17148202753285,40,10.504183331579611,-1,1,0
5,True,1,340.792838127161,12189.922940940178,3.489580861134425,48.85,-40.87906433191907,84.25920564517715,41,9.207764038258176,2,0,0
3,False,0,353.27899698642017,9800.108517976658,7.661651876798326,61.0,-39.99888771407396,75.26976557295632,42,12.486158859259149,-1,1,0
4,True,0,357.151570045245,1440.668112458121,5.230166382307886,59.1,-50.81307514189718,80.09187384053966,43,3.8725730588248553,1,0,0
2,False,0,359.58507408890284,9854.962171071818,3.7821006855500867,28.0,-35.35749269557064,77.25877381368603,44,2.4335040436578197,-1,1,0
2,False,0,387.58507408890284,10035.312160618108,1.2155696046040787,28.0,-35.00614366806572,77.34244212137193,45,28.0,-1,1,0
5,True,1,389.64283812716104,10200.0,4.439085407059032,48.85,-39.87906433191907,84.35511122196219,46,2.057764038258199,2,0,0
1,True,0,397.9566081529063,9771.871572737173,8.576135010613996,76.8757173955831,-44.13343889457631,79.76587118149943,47,8.31377002574527,0,0,0
4,True,0,416.25157004524505,1210.5517256082805,4.446410409418085,59.1,-51.19757561712682,80.09523975180291,48,18.294961892338733,1,0,0
2,False,0,419.58507408890284,9926.123927747376,3.7821006855500867,32.0,-35.369780031702085,77.4223622839508,49,3.333504043657797,-1,1,0
3,False,0,430.1519502063672,9800.108517976658,7.661651876798326,76.872953219947,-39.98005378286885,75.28592881553425,50,10.566876117464346,-1,1,0
5,True,1,438.49283812716106,11342.929255787836,3.811198533886875,48.85,-38.87906433191907,84.42962831243155,51,8.340887920793875,2,0,0
2,False,0,451.58507408890284,10015.297870168837,1.2155696046040787,32.0,-35.733416395338445,77.49843457807017,52,13.092235961741778,-1,1,0
4,True,0,475.35157004524507,1319.5971470070351,4.404315050168199,59.1,-51.60146805802881,80.0984904168037,53,23.766495956342226,1,0,0
2,False,0,483.58507408890284,9872.070212539124,3.7821006855500867,32.0,-36.09705275897481,77.57058488730735,54,8.233504043657774,-1,1,0
5,True,1,487.3428381271611,12189.922940940178,4.2144501610755105,48.85,-37.87906433191907,84.48976549900632,55,3.7577640382582445,2,0,0
1,True,0,489.61674797150545,9771.871572737173,8.576135010613996,91.66013981859915,-43.936762535919584,79.85538678761635,56,2.2739098443443595,0,0,0
2,False,0,515.5850740889028,10067.716539734613,1.2155696046040787,32.0,-36.46068912261117,77.63876519540193,57,25.968326117397396,-1,1,0
3,False,0,522.1519502063671,9800.108517976658,7.661651876798326,92.0,-39.938060667907216,75.3019177775942,58,6.56687611746429,-1,1,0
4,True,0,534.451570045245,1440.668112458121,5.655753596843601,59.1,-52.006060736532355,80.10169062933149,59,12.299619838877902,1,0,0
5,True,1,536.1928381271612,10200.0,6.060282206233161,48.85,-37.120935668080925,84.54325243253413,60,1.7412680819161324,2,0,0
2,False,0,547.5850740889028,9832.458700572583,3.7821006855500867,32.0,-36.82432548624754,77.70295390579612,61,11.392235961741676,-1,1,0
1,True,0,551.8925572576519,9771.871572737173,8.576135010613996,62.27580928614646,-43.723869924623834,79.94137059650862,62,4.307483168749059,0,0,0
2,False,0,579.5850740889028,10006.75465582032,1.2155696046040787,32.0,-37.1879618498839,77.76315598535626,63,27.69251683125094,-1,1,0
3,False,0,583.1519502063671,9800.108517976658,7.661651876798326,61.0,-39.873187826440734,75.31805818737526,64,3.5668761174642896,-1,1,0
5,True,1,585.0428381271612,11342.929255787836,5.69142675633475,48.85,-38.12093566808093,84.59815223531943,65,1.8908879207940572,2,0,0
4,True,0,593.5515700452451,1210.5517256082805,5.650288862265908,59.1,-52.39257524671412,80.10490551892863,66,8.508731918083868,1,0,0
2,False,0,611.5850740889028,10169.06348623166,3.7821006855500867,32.0,-37.551598213520265,77.81940293131909,67,18.033504043657786,-1,1,0
1,True,0,628.768274653235,9771.871572737173,8.576135010613996,76.8757173955831,-43.49617782589242,80.02368253225798,68,17.183200564332196,0,0,0
5,True,1,633.8928381271612,12189.922940940178,3.912653429514619,48.85,-39.12093566808093,84.66245718250244,69,5.124563473926173,2,0,0
2,False,0,643.5850740889028,9998.68950322435,1.2155696046040787,32.0,-37.915234577156625,77.87175256168298,70,9.69223596174163,-1,1,0
4,True,0,652.6515700452451,1319.5971470070351,5.421914316573051,59.1,-52.743230643966804,80.10820011746398,71,9.066495956342237,1,0,0
3,False,0,660.0249034263142,9800.108517976658,7.661651876798326,76.872953219947,-39.78586697652611,75.33467476525688,72,7.373333381069074,-1,1,0
2,False,0,675.5850740889028,9879.875370007147,3.7821006855500867,32.0,-38.27887094079299,77.92028863043852,73,15.560170662588689,-1,1,0
5,True,1,682.7428381271612,10200.0,5.756182872873255,48.85,-40.12093566808093,84.74368793601082,74,7.157764038258392,2,0,0
2,False,0,707.5850740889028,9896.256200213313,1.2155696046040787,32.0,-38.64250730442935,77.96512027019966,75,24.842235961741608,-1,1,0
4,True,0,711.7515700452451,1440.668112458121,5.5160894530131195,59.1,-53.04226864320534,80.1116389263566,76,4.16649595634226,1,0,0
1,True,0,720.4284144718342,9771.871572737173,8.576135010613996,91.66013981859915,-43.25520149307585,80.1022069546562,77,8.676844426589128,0,0,0
2,False,0,739.5850740889028,9989.204145895501,3.7821006855500867,32.0,-39.00614366806572,78.00638126594407,78,19.156659617068613,-1,1,0
5,True,1,751.4428381271613,11342.929255787836,3.317514719875702,68.7,-41.12093566808093,84.84851642716711,79,11.857764038258438,2,0,0
3,False,0,752.0249034263142,9800.108517976658,7.661651876798326,92.0,-39.67667922401259,75.35208906279846,80,0.5820652991528732,-1,1,0
4,True,0,770.8515700452451,1210.5517256082805,5.24663200347281,59.1,-53.27685897872321,80.1152854873294,81,18.82666661893097,1,0,0
2,False,0,771.5850740889028,10026.672359255885,1.2155696046040787,32.0,-39.36978003170208,78.04422916469632,82,0.7335040436577174,-1,1,0
1,True,0,782.7042237579807,9771.871572737173,8.576135010613996,62.27580928614646,-43.00254458391072,80.17685342877141,83,11.119149669077842,0,0,0
2,False,0,803.5850740889028,9928.797655294644,3.7821006855500867,32.0,-39.733416395338445,78.07884422707825,84,20.880850330922158,-1,1,0
3,False,0,813.0249034263142,9800.108517976658,7.661651876798326,61.0,-39.54635119537845,75.3706173228666,85,9.439829337411311,-1,1,0
5,True,1,820.1428381271613,12189.922940940178,3.2059132952088,68.7,-42.12093566808093,84.98243129819255,86,7.117934700847172,2,0,0
4,True,0,829.9515700452451,1319.5971470070351,4.960678845173002,59.1,-53.43783116892582,80.11920195954946,87,9.808731918083822,1,0,0
2,False,0,831.5850740889028,9973.94767942928,1.2155696046040787,28.0,-40.09705275897481,78.11042822770439,88,1.6335040436576946,-1,1,0
1,True,0,859.5799411535638,9771.871572737173,8.576135010613996,76.8757173955831,-42.73988848844208,80.2475573267778,89,27.99486706466098,0,0,0
2,False,0,859.5850740889028,9886.573162985742,3.7821006855500867,28.0,-40.46068912261117,78.13920311240523,90,0.00513293533902015,-1,1,0
2,False,0,887.5850740889028,10178.72137194666,1.2155696046040787,28.0,-40.82432548624754,78.16540952121416,91,28.0,-1,1,0
5,True,1,888.8428381271614,10200.0,6.054496822776823,68.7,-43.120935668080925,85.14946267876766,92,1.2577640382585287,2,0,0
4,True,0,889.0515700452452,1440.668112458121,5.519445792954449,59.1,-53.52018927367791,80.12344870596904,93,0.20873191808379943,1,0,0
3,False,0,889.8978566462612,9800.108517976658,7.661651876798326,76.872953219947,-39.39575020215163,75.39056837509114,94,0.8462866010160042,-1,1,0
2,False,0,915.5850740889028,9986.59090717119,3.7821006855500867,28.0,-41.1879618498839,78.18930518694796,95,25.687217442641668,-1,1,0
2,False,0,943.5850740889028,10027.832498944417,1.2155696046040787,28.0,-41.551598213520265,78.21116322003728,96,28.0,-1,1,0
4,True,0,948.1515700452452,1210.5517256082805,5.00565553179714,59.1,-53.52337916362855,80.12808389162011,97,4.566495956342351,1,0,0
1,True,0,951.240080972163,9771.871572737173,8.576135010613996,91.66013981859915,-42.46898113965005,80.31428025804306,98,3.08851092691782,0,0,0
5,True,1,957.5428381271614,11342.929255787836,5.61551460330461,68.7,-43.879064331919075,85.35198009850156,99,6.302757154998403,2,0,0
2,False,0,971.5850740889028,9832.881089830382,3.7821006855500867,28.0,-41.915234577156625,78.23127029102183,100,14.042235961741426,-1,1,0
3,False,0,981.8978566462612,9800.108517976658,7.661651876798326,92.0,-39.22587846909465,75.41224158065478,101,10.312782557358332,-1,1,0
2,False,0,999.5850740889028,10014.626958592855,1.2155696046040787,28.0,-41.72112905920701,78.24992472280528,102,17.687217442641668,-1,1,0
4,True,0,1007.2515700452452,1319.5971470070351,4.604935678627442,59.1,-53.45129256858561,80.13316309653563,103,7.666495956342374,1,0,0
1,True,0,1013.5158902583095,9771.871572737173,8.576135010613996,62.27580928614646,-42.191625381244286,80.37701032461175,104,6.264320213064252,0,0,0
5,True,1,1026.2428381271613,12189.922940940178,3.6428787545830863,68.7,-42.879064331919075,85.59057366882324,105,12.72694786885188,2,0,0
2,False,0,1027.5850740889027,9880.865522384089,3.7821006855500867,28.0,-41.35749269557064,78.26743450536546,106,1.3422359617413804,-1,1,0
3,False,0,1042.8978566462613,9800.108517976658,7.661651876798326,61.0,-39.03786646456413,75.43592484009397,107,15.31278255735856,-1,1,0
2,False,0,1055.5850740889027,9982.04146040531,1.2155696046040787,28.0,-40.99385633193428,78.28411524613196,108,12.68721744264144,-1,1,0
4,True,0,1066.3515700452451,1440.668112458121,5.593785214310625,59.1,-53.31200785648879,80.13873894587363,109,10.766495956342396,1,0,0
2,False,0,1083.5850740889027,10134.287756061123,3.7821006855500867,28.0,-40.630219968297915,78.30028806967073,110,17.233504043657604,-1,1,0
1,True,0,1090.3916076538926,9771.871572737173,8.576135010613996,76.8757173955831,-41.9096669700365,80.4357622003842,111,6.806533564989877,0,0,0
5,True,1,1094.9428381271614,10200.0,5.433892725666475,68.7,-41.87906433191907,85.86402449233024,112,4.551230473268788,2,0,0
2,False,0,1111.5850740889027,10186.203181003666,1.2155696046040787,28.0,-40.266583604661555,78.31627748065306,113,16.642235961741335,-1,1,0
3,False,0,1119.7708098662083,9800.108517976658,7.661651876798326,76.872953219947,-38.83296537743044,75.46189267736823,114,8.185735777305581,-1,1,0
4,True,0,1125.451570045245,1210.5517256082805,5.050404471852665,59.1,-53.11728318061146,80.14486075970542,115,5.680760179036724,1,0,0
2,False,0,1139.5850740889027,10170.304483575495,3.7821006855500867,28.0,-39.90294724102519,78.33240920433053,116,14.133504043657695,-1,1,0
5,True,1,1163.6428381271614,11342.929255787836,4.617451975294319,68.7,-40.87906433191907,86.16936578339427,117,24.05776403825871,2,0,0
2,False,0,1167.5850740889027,10010.678423714111,1.2155696046040787,28.0,-39.53931087738883,78.34900801888723,118,3.9422359617412894,-1,1,0
1,True,0,1182.0517474724918,9771.871572737173,8.576135010613996,91.66013981859915,-41.624982292733414,80.49057703346412,119,14.466673383589068,0,0,0
4,True,0,1184.551570045245,1319.5971470070351,5.391699504252422,59.1,-52.881832385058466,80.15157422479874,120,2.4998225727531462,1,0,0
2,False,0,1199.5850740889027,10165.775135675874,3.7821006855500867,32.0,-39.17567451375246,78.36639559409451,121,15.033504043657786,-1,1,0
3,False,0,1211.7708098662083,9800.108517976658,7.661651876798326,92.0,-38.61253879062213,75.49040441294844,122,12.185735777305581,-1,1,0
2,False,0,1231.5850740889027,10168.490334028515,1.2155696046040787,32.0,-38.812038150116095,78.3848883506517,123,19.81426422269442,-1,1,0
5,True,1,1232.3428381271615,12189.922940940178,4.319746392099688,68.7,-39.87906433191907,86.50203163518067,124,0.757764038258756,2,0,0
4,True,0,1243.6515700452449,1440.668112458121,4.348736614658777,59.1,-52.62242699784807,80.15892109057971,125,11.308731918083367,1,0,0
1,True,0,1244.3275567586384,9771.871572737173,8.576135010613996,62.27580928614646,-41.33946587889281,80.5415221723248,126,0.6759867133935131,0,0,0
5,True,1,1261.3428381271615,10200.0,6.1584597901133655,29.0,-38.87906433191907,86.85608597328273,127,17.01528136852312,2,0,0
2,False,0,1263.5850740889027,9964.633036975756,3.7821006855500867,32.0,-38.448401786479735,78.40479535445866,128,2.242235961741244,-1,1,0
3,False,0,1272.7708098662083,9800.108517976658,7.661651876798326,61.0,-38.37805360670661,75.5217024380821,129,9.185735777305581,-1,1,0
5,True,1,1290.3428381271615,11342.929255787836,5.130256320793389,29.0,-37.87906433191907,87.2245202152794,130,17.572028260953175,2,0,0
2,False,0,1295.5850740889027,10088.939482592063,1.2155696046040787,32.0,-38.08476542284337,78.42641625983306,131,5.242235961741244,-1,1,0
4,True,0,1302.7515700452448,1210.5517256082805,5.503691192119034,59.1,-52.35687799542666,80.16693889129746,132,7.1664959563420325,1,0,0
5,True,1,1319.3428381271615,12189.922940940178,4.912424939546158,29.0,-37.120935668080925,87.599604710323,133,16.591268081916724,2,0,0
1,True,0,1321.2032741542214,9771.871572737173,8.576135010613996,76.8757173955831,-41.05501779314191,80.58869071761607,134,1.8604360270599045,0,0,0
2,False,0,1327.5850740889027,10078.856280054719,3.7821006855500867,32.0,-37.72112905920701,78.45003931536044,135,6.381799934681339,-1,1,0
5,True,1,1348.3428381271615,10200.0,4.67182224084439,29.0,-38.12093566808093,87.97327633610915,136,20.757764038258756,2,0,0
3,False,0,1349.6437630861553,9800.108517976658,7.661651876798326,76.872953219947,-38.13107028589548,75.55601060171931,137,1.3009249589938463,-1,1,0
2,False,0,1359.5850740889027,10016.829388510989,1.2155696046040787,32.0,-37.35749269557064,78.47593944564741,138,9.941311002747398,-1,1,0
4,True,0,1361.8515700452447,1319.5971470070351,4.614916841637253,59.1,-52.102958175045934,80.17566069623979,139,2.2664959563419416,1,0,0
5,True,1,1377.3428381271615,11342.929255787836,6.129491372558899,29.0,-39.120935668080925,88.0,140,15.491268081916814,2,0,0
2,False,0,1391.5850740889027,9976.927876924705,3.7821006855500867,32.0,-36.99385633193428,78.50437642174376,141,14.242235961741244,-1,1,0
5,True,0,1398.3993403791537,9235.629741942123,2.1574370245666845,18.7,-47.59984137217368,82.03931836970028,142,6.814266290250998,2,0,0
1,True,0,1412.8634139728206,9771.871572737173,8.576135010613996,91.66013981859915,-40.77353099056076,80.63220090259492,143,14.464073593666853,0,0,0
4,True,0,1420.9515700452446,1440.668112458121,5.4788830254335545,59.1,-51.87732949564805,80.18511488966249,144,8.088156072423999,1,0,0
2,False,0,1423.5850740889027,10067.79003062072,1.2155696046040787,32.0,-36.630219968297915,78.53559313240893,145,2.6335040436581494,-1,1,0
5,True,0,1427.0993403791538,9235.629741942123,2.1574370245666845,28.7,-48.46470623703854,82.07941595117798,146,3.5142662902510438,2,0,0
3,False,0,1441.6437630861553,9800.108517976658,7.661651876798326,92.0,-37.87323246143938,75.59353272083517,147,14.544422707001559,-1,1,0
5,True,0,1445.7993403791536,9235.629741942123,2.1574370245666845,18.7,-49.329571101903404,82.12189399049004,148,4.1555772929982595,2,0,0
2,False,0,1455.5850740889027,9827.23482135712,3.7821006855500867,32.0,-36.26658360466155,78.56981396772744,149,9.785733709749138,-1,1,0
5,True,0,1474.4993403791536,9235.629741942123,2.1574370245666845,28.7,-50.19443596676827,82.17019558194254,150,18.914266290250907,2,0,0
1,True,0,1475.1392232589671,9771.871572737173,8.576135010613996,62.27580928614646,-40.49687871937847,80.67219530630258,151,0.6398828798135128,0,0,0
4,True,0,1480.0515700452445,1210.5517256082805,4.570371336772957,59.1,-51.69453943372684,80.1953249818969,152,4.91234678627734,1,0,0
2,False,0,1487.5850740889027,9913.940984056007,1.2155696046040787,32.0,-35.90294724102519,78.60724332582994,153,7.53350404365824,-1,1,0
5,True,0,1493.1993403791537,9235.629741942123,2.1574370245666845,18.7,-50.94069916836686,82.22759628684935,154,5.614266290250953,2,0,0
3,False,0,1502.6437630861553,9800.108517976658,7.661651876798326,61.0,-37.6062560015198,75.63445122406127,155,9.44442270700165,-1,1,0
2,False,0,1519.5850740889027,10153.46542129522,3.7821006855500867,32.0,-35.53931087738883,78.64806425265725,156,16.941311002747398,-1,1,0
5,True,0,1521.8993403791537,9235.629741942123,2.1574370245666845,28.7,-50.075834303502,82.29710990159704,157,2.3142662902509983,2,0,0
4,True,0,1539.1515700452444,1319.5971470070351,4.706350440022264,59.1,-51.56614626691648,80.20630945289248,158,17.25222966609067,1,0,0
5,True,0,1540.5993403791535,9235.629741942123,2.1574370245666845,18.7,-49.210969438637136,82.38140175620991,159,1.4477703339091477,2,0,0
2,False,0,1551.5850740889027,10075.034802730808,1.2155696046040787,32.0,-35.17567451375246,78.69243722381991,160,10.985733709749184,-1,1,0
1,True,0,1552.0149406545502,9771.871572737173,8.576135010613996,76.8757173955831,-40.226902054815355,80.7088399047246,161,0.4298665656474441,0,0,0
5,True,0,1569.2993403791536,9235.629741942123,2.1574370245666845,28.7,-48.346104573772266,82.48271203765805,162,17.284399724603418,2,0,0
3,False,0,1579.5167163061024,9800.108517976658,7.661651876798326,76.872953219947,-37.331917590429505,75.67892593765332,163,10.217375926948762,-1,1,0
2,False,0,1583.5850740889027,9922.07499013318,3.7821006855500867,32.0,-35.1879618498839,78.7404990766595,164,4.068357782800376,-1,1,0
5,True,0,1587.9993403791536,9235.629741942123,2.1574370245666845,18.7,-47.4812397089074,82.60279134375686,165,4.414266290250907,2,0,0
4,True,0,1598.2515700452443,1440.668112458121,5.566326288116128,59.1,-51.50002549141056,80.21808162923578,166,10.25222966609067,1,0,0
2,False,0,1611.5850740889027,9900.688755729649,1.2155696046040787,28.0,-35.551598213520265,78.7923620996186,167,13.333504043658422,-1,1,0
5,True,0,1616.6993403791537,9235.629741942123,2.1574370245666845,28.7,-46.61637484404254,82.74285032165524,168,5.114266290250953,2,0,0
5,True,0,1635.3993403791537,9235.629741942123,2.1574370245666845,18.7,-45.751509979177676,82.90352483972127,169,18.700000000000045,2,0,0
2,False,0,1639.5850740889027,10164.59835409904,3.7821006855500867,28.0,-35.915234577156625,78.84811328497986,170,4.185733709749002,-1,1,0
1,True,0,1643.6750804731494,9771.871572737173,8.576135010613996,91.66013981859915,-39.965397647031075,80.74232296624805,171,4.090006384246635,0,0,0
4,True,0,1657.3515700452442,1210.5517256082805,5.0769006637672,59.1,-51.49989875939394,80.23064959546423,172,13.676489572094852,1,0,0
5,True,0,1664.0993403791535,9235.629741942123,2.1574370245666845,28.7,-44.88664511431281,83.08485769476704,173,6.74777033390933,2,0,0
2,False,0,1667.5850740889027,9836.477605197939,1.2155696046040787,28.0,-36.278870940792984,78.9078137499466,174,3.4857337097491836,-1,1,0
3,False,0,1671.5167163061024,9800.108517976658,7.661651876798326,92.0,-37.05204290503164,75.7270930218738,175,3.9316422171996237,-1,1,0
5,True,0,1682.7993403791536,9235.629741942123,2.1574370245666845,18.7,-44.02178024944794,83.28629738086231,176,11.282624073051238,2,0,0
2,False,0,1695.5850740889027,9883.508031834608,3.7821006855500867,28.0,-36.64250730442936,78.97149832991792,177,12.785733709749138,-1,1,0
1,True,0,1705.950889759296,9771.871572737173,8.576135010613996,62.27580928614646,-39.71410576471423,80.77285379876638,178,10.365815670393204,0,0,0
5,True,0,1711.4993403791536,9235.629741942123,2.1574370245666845,28.7,-43.15691538458308,83.5067139551559,179,5.548450619857704,2,0,0
4,True,0,1716.4515700452441,1319.5971470070351,4.586890709167181,59.1,-51.56511343477606,80.24401614026488,180,4.9522296660904885,1,0,0
2,False,0,1723.5850740889027,9968.015525238454,1.2155696046040787,28.0,-37.00614366806572,79.03917534666499,181,7.133504043658604,-1,1,0
5,True,0,1730.1993403791535,9235.629741942123,2.1574370245666845,18.7,-43.70794948028178,83.74443154427435,182,6.614266290250725,2,0,0
3,False,0,1732.5167163061024,9800.108517976658,7.661651876798326,61.0,-36.768494465181455,75.77906406486782,183,2.3173759269488983,-1,1,0
2,False,0,1751.5850740889027,10183.349620367255,3.7821006855500867,28.0,-37.369780031702085,79.11082655295087,184,19.068357782800376,-1,1,0
5,True,0,1758.8993403791535,9235.629741942123,2.1574370245666845,28.7,-44.572814345146654,83.99727655614755,185,7.314266290250771,2,0,0
4,True,0,1775.551570045244,1440.668112458121,5.260315676969141,59.1,-51.69068590210841,80.25817873791611,186,16.652229666090534,1,0,0
5,True,0,1777.5993403791535,9235.629741942123,2.1574370245666845,18.7,-45.43767921001152,84.26264021029516,187,2.0477703339095115,2,0,0
2,False,0,1779.5850740889027,10115.214607388047,1.2155696046040787,28.0,-37.733416395338445,79.18640725396295,188,1.9857337097491836,-1,1,0
1,True,0,1782.826607154879,9771.871572737173,8.576135010613996,76.8757173955831,-39.47469871388141,80.80066135677005,189,3.2415330659762276,0,0,0
5,True,0,1806.2993403791536,9235.629741942123,2.1574370245666845,28.7,-46.30254407487638,84.53755358769124,190,23.472733224274634,2,0,0
2,False,0,1807.5850740889027,9995.819872986776,3.7821006855500867,28.0,-38.09705275897481,79.26584660474956,191,1.2857337097491381,-1,1,0
3,False,0,1809.3896695260494,9800.108517976658,7.661651876798326,76.872953219947,-36.483159238963964,75.83492534006254,192,1.804595437146645,-1,1,0
5,True,0,1824.9993403791536,9235.629741942123,2.1574370245666845,18.7,-47.16740893974124,84.8187730411591,193,15.609670853104262,2,0,0
4,True,0,1834.651570045244,1210.5517256082805,5.515300428449186,59.1,-51.86760601702041,80.27312956509596,194,9.652229666090307,1,0,0
2,False,0,1835.5850740889027,9961.01520173603,1.2155696046040787,28.0,-38.46068912261118,79.34904808168139,195,0.933504043658786,-1,1,0
5,True,0,1853.6993403791535,9235.629741942123,2.1574370245666845,28.7,-48.03227380460611,85.102873509195,196,18.114266290250725,2,0,0
2,False,0,1863.5850740889027,9836.272416856245,3.7821006855500867,28.0,-38.82432548624754,79.43589012480035,197,9.885733709749275,-1,1,0
5,True,0,1872.3993403791535,9235.629741942123,2.1574370245666845,18.7,-48.897138669470976,85.38634704875143,198,8.814266290250771,2,0,0
1,True,0,1874.4867469734781,9771.871572737173,8.576135010613996,91.66013981859915,-39.24876970895651,80.82599271769206,199,2.087406594324648,0,0,0
2,False,0,1891.5850740889027,9928.690219438507,1.2155696046040787,28.0,-39.1879618498839,79.526226946781,200,17.09832711542458,-1,1,0
4,True,0,1893.7515700452439,1319.5971470070351,4.765289778801322,59.1,-52.083384495882285,80.28885555294495,201,2.166495956341123,1,0,0
5,True,0,1901.0993403791535,9235.629741942123,2.1574370245666845,28.7,-49.76200353433584,85.66570375237183,202,7.347770333909693,2,0,0
3,False,0,1901.3896695260494,9800.108517976658,7.661651876798326,92.0,-36.19793608523263,75.89473723203155,203,0.29032914689582867,-1,1,0
2,False,0,1919.5850740889027,10020.518516506778,3.7821006855500867,28.0,-39.551598213520265,79.61988950312123,204,18.195404562853355,-1,1,0
5,True,0,1919.7993403791536,9235.629741942123,2.1574370245666845,18.7,-50.6268683992007,85.93757214647401,205,0.21426629025086186,2,0,0
1,True,0,1936.7625562596247,9771.871572737173,8.576135010613996,62.27580928614646,-39.037822270191654,80.8491114376485,206,16.963215880471125,0,0,0
2,False,0,1947.5850740889027,10093.82283332777,1.2155696046040787,28.0,-39.91523457715663,79.71668661710542,207,10.822517829278013,-1,1,0
5,True,0,1948.4993403791536,9235.629741942123,2.1574370245666845,28.7,-50.50826673593443,86.1987961825067,208,0.9142662902509073,2,0,0
4,True,0,1952.8515700452438,1440.668112458121,4.651669736438574,59.1,-52.3228105374692,80.30533847403731,209,4.352229666090125,1,0,0
3,False,0,1962.3896695260494,9800.108517976658,7.661651876798326,61.0,-35.91472311701703,75.9585338346457,210,9.538099480805613,-1,1,0
5,True,0,1967.1993403791537,9235.629741942123,2.1574370245666845,18.7,-49.643401871069564,86.44652603072014,211,4.809670853104308,2,0,0
2,False,0,1979.5850740889027,9975.345553633419,3.7821006855500867,32.0,-40.27887094079299,79.81640625205402,212,12.385733709749047,-1,1,0
5,True,0,1995.8993403791537,9235.629741942123,2.1574370245666845,28.7,-48.7785370062047,86.67830006457932,213,16.314266290251,2,0,0
2,False,0,2011.5850740889027,10166.765065129737,1.2155696046040787,32.0,-40.64250730442935,79.91881692239266,214,15.685733709749002,-1,1,0
4,True,0,2011.9515700452437,1210.5517256082805,5.2011745970394365,59.1,-52.568874415183416,80.32255506368135,215,0.3664959563409411,1,0,0
1,True,0,2013.6382736552077,9771.871572737173,8.576135010613996,76.8757173955831,-38.84326021798795,80.87029579751598,216,1.68670360996407,0,0,0
5,True,0,2014.5993403791538,9235.629741942123,2.1574370245666845,18.7,-47.91367214133984,86.89211567727753,217,0.9610667239460327,2,0,0
3,False,0,2039.2626227459964,9800.108517976658,7.661651876798326,76.872953219947,-35.63540506989381,76.02632272418393,218,24.663282366842623,-1,1,0
5,True,0,2043.2993403791538,9235.629741942123,2.1574370245666845,28.7,-47.04880727647497,87.08648689308808,219,4.036717633157423,2,0,0
2,False,0,2043.5850740889027,9837.272882504583,3.7821006855500867,32.0,-41.00614366806572,80.02366923415039,220,0.28573370974891077,-1,1,0
5,True,0,2061.999340379154,9235.629741942123,2.1574370245666845,18.7,-46.183942411610104,87.26048711618034,221,18.414266290251362,2,0,0
4,True,0,2071.051570045244,1319.5971470070351,4.652747811499926,59.1,-52.80379992360032,80.34047717474228,222,9.052229666089715,1,0,0
2,False,0,2075.5850740889027,10169.65910965918,1.2155696046040787,32.0,-41.369780031702085,80.1306975446355,223,4.5335040436589225,-1,1,0
5,True,0,2090.699340379154,9235.629741942123,2.1574370245666845,28.7,-45.31907754674524,87.41377578709488,224,15.11426629025118,2,0,0
1,True,0,2105.2984134738067,9771.871572737173,8.576135010613996,91.66013981859915,-38.666378330702315,80.88983695101834,225,14.599073094652795,0,0,0
2,False,0,2107.5850740889027,10084.180235738337,3.7821006855500867,32.0,-41.733416395338445,80.23962173024374,226,2.286660615096025,-1,1,0
5,True,0,2109.3993403791537,9235.629741942123,2.1574370245666845,18.7,-44.45421268188038,87.54660818001896,227,1.8142662902509983,2,0,0
4,True,0,2130.1515700452437,1440.668112458121,5.214933972754782,59.1,-53.010124995478535,80.35907196495663,228,20.75222966608999,1,0,0
3,False,0,2131.262622745996,9800.108517976658,7.661651876798326,92.0,-35.36184075938231,76.0980849089143,229,1.111052700752225,-1,1,0
5,True,0,2138.099340379154,9235.629741942123,2.1574370245666845,28.7,-43.58934781701551,87.659828059013,230,6.8367176331580595,2,0,0
2,False,0,2139.5850740889027,9917.19200789848,1.2155696046040787,32.0,-41.90294724102519,80.35014905063474,231,1.4857337097487289,-1,1,0
5,True,0,2156.7993403791543,9235.629741942123,2.1574370245666845,18.7,-43.275517047849355,87.75484340445472,232,17.214266290251544,2,0,0
1,True,0,2167.574222759953,9771.871572737173,8.576135010613996,62.27580928614646,-38.508353728111196,80.90803698714673,233,10.774882380798772,0,0,0
2,False,0,2171.5850740889027,9997.205383466888,3.7821006855500867,32.0,-41.53931087738883,80.46197609687063,234,4.010851328949684,-1,1,0
5,True,0,2185.499340379154,9235.629741942123,2.1574370245666845,28.7,-44.14038191271422,87.8335859080073,235,13.914266290251362,2,0,0
4,True,0,2189.2515700452436,1210.5517256082805,5.674092495543453,59.1,-53.17176591664582,80.37830211549218,236,3.7522296660895336,1,0,0
3,False,0,2192.262622745996,9800.108517976658,7.661651876798326,61.0,-35.09585071083407,76.17377495548102,237,3.011052700752316,-1,1,0
2,False,0,2203.5850740889027,9896.57874470238,1.2155696046040787,32.0,-41.175674513752455,80.57479081055249,238,11.322451342906788,-1,1,0
5,True,0,2204.199340379154,9235.629741942123,2.1574370245666845,18.7,-45.00524677757908,87.89845540136713,239,0.6142662902511802,2,0,0
5,True,0,2232.899340379154,9235.629741942123,2.1574370245666845,28.7,-45.87011164244395,87.95225081747535,240,28.700000000000273,2,0,0
2,False,0,2235.5850740889027,10010.764123067504,3.7821006855500867,32.0,-40.812038150116095,80.68827456051748,241,2.685733709748547,-1,1,0
1,True,0,2244.4499401555363,9771.871572737173,8.576135010613996,76.8757173955831,-38.370238037872596,80.92520691980708,242,8.864866066633567,0,0,0
4,True,0,2248.3515700452435,1319.5971470070351,5.494938819827241,59.1,-53.27500152869834,80.39812607929858,243,3.9016298897072375,1,0,0
5,True,0,2251.5993403791545,9235.629741942123,2.1574370245666845,18.7,-46.734976507308815,87.99808967031308,244,3.247770333910921,2,0,0
2,False,0,2267.5850740889027,9845.365370053967,1.2155696046040787,32.0,-40.448401786479735,80.80210426327669,245,15.985733709748274,-1,1,0
3,False,0,2269.1355759659427,9800.108517976658,7.661651876798326,76.872953219947,-34.839205044136904,76.25332129125573,246,1.5505018770400056,-1,1,0
5,True,0,2280.2993403791543,9235.629741942123,2.1574370245666845,28.7,-47.59984137217368,88.0,247,11.163764413211538,2,0,0
2,False,0,2299.5850740889027,9923.10048107828,3.7821006855500867,32.0,-40.08476542284337,80.91595453308248,248,19.285733709748456,-1,1,0
4,True,0,2307.4515700452434,1440.668112458121,4.385842490379035,59.1,-53.30931856594123,80.41849835759615,249,7.866495956340714,1,0,0
2,False,0,2331.5850740889027,9939.856761510548,1.2155696046040787,32.0,-39.721129059207,81.0,250,24.133504043659286,-1,1,0
1,True,0,2336.1100799741353,9771.871572737173,8.576135010613996,91.66013981859915,-38.25295039711759,80.94166461807404,251,4.525005885232531,0,0,0
5,True,1,2351.6365533461753,10278.24824495753,5.760643354673039,29.0,-42.486937970755235,82.7007712031205,252,15.526473372040073,2,0,0
3,False,0,2361.1355759659427,9800.108517976658,7.661651876798326,92.0,-34.593611693859124,76.33662668064173,253,9.499022619767402,-1,1,0
2,False,0,2363.5850740889027,10013.83132540752,3.7821006855500867,32.0,-39.35749269557065,81.0,254,2.4494981229599944,-1,1,0
4,True,0,2366.5515700452434,1210.5517256082805,4.8786158984789765,59.1,-53.268067539929184,80.43936980266274,255,2.966495956340623,1,0,0
5,True,1,2380.6365533461753,11339.591963457762,4.829675986905489,29.0,-39.68693797075524,83.26408894637062,256,14.084983300931981,2,0,0
1,True,0,2398.3858892602816,9771.871572737173,8.576135010613996,62.27580928614646,-38.157271335744284,80.95773269082456,257,17.74933591410627,0,0,0
5,True,1,2409.6365533461753,12270.811675256673,5.504386465223114,29.0,-37.113062029244766,83.57374728366028,258,11.250664085893732,2,0,0
3,False,0,2422.1355759659427,9800.108517976658,7.661651876798326,61.0,-34.36070504322678,76.42356887216064,259,12.499022619767402,-1,1,0
4,True,0,2425.6515700452433,1319.5971470070351,4.645477562221203,59.1,-53.14888986948445,80.46068794490368,260,3.515994079300526,1,0,0
5,True,1,2438.6365533461753,10278.24824495753,3.388967763790037,29.0,-39.91306202924477,83.74064686179466,261,12.984983300932072,2,0,0
5,True,1,2467.6365533461753,11339.591963457762,4.058953180518646,29.0,-42.71306202924477,83.93021732138452,262,29.0,2,0,0
1,True,0,2475.261606655865,9771.871572737173,8.576135010613996,76.8757173955831,-38.083837582120196,80.9737363398291,263,7.62505330968952,0,0,0
4,True,0,2484.751570045243,1440.668112458121,4.824221901555515,59.1,-52.95389058338321,80.48239734202835,264,9.489963389378318,1,0,0
5,True,1,2496.6365533461753,12270.811675256673,4.018111064542092,29.0,-42.486937970755235,84.2992287968795,265,11.884983300932163,2,0,0
3,False,0,2499.0085291858895,9800.108517976658,7.661651876798326,76.872953219947,-34.142035047572946,76.514001412016,266,2.371975839714196,-1,1,0
5,True,1,2525.6365533461753,10278.24824495753,5.946837276010739,29.0,-39.68693797075523,84.93591105362937,267,26.628024160285804,2,0,0
4,True,0,2543.851570045243,1210.5517256082805,4.671623462231598,59.1,-52.68954608439191,80.50443994800939,268,18.215016699067746,1,0,0
5,True,1,2554.6365533461753,11339.591963457762,5.846713497508217,29.0,-37.113062029244766,85.82625271633972,269,10.784983300932254,2,0,0
1,True,0,2566.921746474464,9771.871572737173,8.576135010613996,91.66013981859915,-38.033137825759965,80.99000119558764,270,12.285193128288483,0,0,0
3,False,0,2591.0085291858895,9800.108517976658,7.661651876798326,92.0,-33.93905691964067,76.60775461871901,271,24.086782711425712,-1,1,0
4,True,0,2602.951570045243,1319.5971470070351,5.629711679290345,59.1,-52.36635225301567,80.52675549936949,272,11.94304085935346,1,0,0
5,True,1,2603.4865533461757,12270.811675256673,3.7876007682634887,48.85,-39.91306202924477,86.85935313820534,273,0.5349833009327085,2,0,0
1,True,0,2629.19755576061,9771.871572737173,8.576135010613996,62.27580928614646,-38.00550946517731,81.00685115031217,274,25.71100241443446,0,0,0
3,False,0,2652.0085291858895,9800.108517976658,7.661651876798326,61.0,-33.75312144538233,76.70463671229082,275,22.81097342527937,-1,1,0
5,True,1,2652.3365533461756,10278.24824495753,6.0160255684773105,48.85,-42.71306202924477,87.8697826786155,276,0.32802416028607695,2,0,0
4,True,0,2662.051570045243,1440.668112458121,4.306308108705508,59.1,-51.99823364573699,80.54928191622488,277,9.715016699067291,1,0,0
5,True,1,2701.1865533461755,11339.591963457762,5.87279666151235,48.85,-42.486937970755235,88.0,278,39.13498330093262,2,0,0
1,True,0,2706.0732731561934,9771.871572737173,8.576135010613996,76.8757173955831,-38.001136362553545,81.02460620247768,279,4.886719810017894,0,0,0
4,True,0,2721.151570045243,1210.5517256082805,5.6261097920683065,59.1,-51.6017487828889,80.57195571541672,280,15.078296889049398,1,0,0
3,False,0,2728.8814824058363,9800.108517976658,7.661651876798326,76.872953219947,-33.5854659947019,76.80443509052678,281,7.7299123605935165,-1,1,0
4,True,0,2780.2515700452427,1319.5971470070351,4.775170022043831,59.1,-51.19513867653198,80.594712432981,282,51.37008763940639,1,0,0
1,True,0,2797.7334129747924,9771.871572737173,8.576135010613996,91.66013981859915,-38.02004762016512,81.043580327285,283,17.481842929549657,0,0,0
3,False,0,2820.8814824058363,9800.108517976658,7.661651876798326,92.0,-33.43720628696247,76.9069177438289,284,23.14806943104395,-1,1,0
4,True,0,2839.3515700452426,1440.668112458121,5.444356794921886,59.1,-50.79727509401865,80.61748705314567,285,18.4700876394063,1,0,0
1,True,0,2860.0092222609387,9771.871572737173,8.576135010613996,62.27580928614646,-38.062117386712764,81.06407938720766,286,20.65765221569609,0,0,0
3,False,0,2881.8814824058363,9800.108517976658,7.661651876798326,61.0,-33.30932896605791,77.01183479919152,287,21.87226014489761,-1,1,0
4,True,0,2898.4515700452425,1210.5517256082805,4.237465940088643,59.1,-50.42657103110184,80.64021444099981,288,16.57008763940621,1,0,0
1,True,0,2936.884939656522,9771.871572737173,8.576135010613996,76.8757173955831,-38.127065694841136,81.08639909652759,289,38.43336961127943,0,0,0
4,True,0,2957.5515700452424,1319.5971470070351,4.363937937917852,59.1,-50.09991812301407,80.66282977595569,290,20.666630388720478,1,0,0
3,False,0,2958.754435625783,9800.108517976658,7.661651876798326,76.872953219947,-33.20268503446057,77.1189201830649,291,1.2028655805406743,-1,1,0
4,True,0,3016.6515700452424,1440.668112458121,5.420114747362661,59.1,-49.83171411846278,80.68526898311919,292,57.897134419459235,1,0,0
1,True,0,3028.545079475121,9771.871572737173,8.576135010613996,91.66013981859915,-38.21446032427535,81.11082305340534,293,11.893509429878577,0,0,0
3,False,0,3050.754435625783,9800.108517976658,7.661651876798326,92.0,-33.11798418994022,77.22789339203082,294,22.209356150662188,-1,1,0
4,True,0,3075.7515700452423,1210.5517256082805,5.316903046724713,59.1,-49.6330381755531,80.70746915969758,295,24.997134419459144,1,0,0
1,True,0,3090.8208887612673,9771.871572737173,8.576135010613996,62.27580928614646,-38.32371967817562,81.13762085258122,296,15.069318716025009,0,0,0
3,False,0,3111.754435625783,9800.108517976658,7.661651876798326,61.0,-33.05579010264249,77.33846135950654,297,20.933546864515847,-1,1,0
4,True,0,3134.851570045242,1319.5971470070351,5.643448765501365,59.1,-49.51102293019186,80.7293689936072,298,23.097134419459053,1,0,0
1,True,0,3167.6966061568505,9771.871572737173,8.576135010613996,76.8757173955831,-38.45411665356826,81.1670462912666,299,32.84503611160835,0,0,0
3,False,0,3188.62738884573,9800.108517976658,7.661651876798326,76.872953219947,-33.016516663957034,77.45032040605454,300,20.93078268887939,-1,1,0
4,True,0,3193.951570045242,1440.668112458121,5.115787592157832,59.1,-49.46846056173762,80.75090917149534,301,5.324181199512168,1,0,0
4,True,0,3253.051570045242,1210.5517256082805,5.668837338814146,59.1,-49.50366613667988,80.77203277346075,302,59.09999999999991,1,0,0
1,True,0,3259.3567459754495,9771.871572737173,8.576135010613996,91.66013981859915,-38.60478348009603,81.19933568016555,303,6.305175930207497,0,0,0
3,False,0,3280.62738884573,9800.108517976658,7.661651876798326,92.0,-33.00042523213865,77.56315826031913,304,21.270642870280426,-1,1,0
4,True,0,3312.151570045242,1319.5971470070351,4.4897427873870805,59.1,-49.61060618034882,80.79268565184623,305,31.524181199511986,1,0,0
1,True,0,3321.632555261596,9771.871572737173,8.576135010613996,62.27580928614646,-38.77471749488666,81.2347062708659,306,9.480985216353929,0,0,0
3,False,0,3341.62738884573,9800.108517976658,7.661651876798326,61.0,-33.007622893011195,77.6766561371407,307,19.994833584134085,-1,1,0
4,True,0,3371.251570045242,1440.668112458121,5.006046350489129,59.1,-49.77928462315396,80.81281679158232,308,29.624181199511895,1,0,0
1,True,0,3398.508272657179,9771.871572737173,8.576135010613996,76.8757173955831,-38.962787815108854,81.27335481006588,309,27.25670261193727,0,0,0
3,False,0,3418.5003420656767,9800.108517976658,7.661651876798326,76.872953219947,-33.03806174732908,77.79049085901842,310,19.992069408497628,-1,1,0
4,True,0,3430.3515700452417,1210.5517256082805,4.5114708488976465,59.1,-49.99636293388043,80.8323786496842,311,11.85122797956501,1,0,0
4,True,0,3489.4515700452416,1319.5971470070351,4.273335344018046,59.1,-50.2459773023858,80.85132747164242,312,59.09999999999991,1,0,0
1,True,0,3490.168412475778,9771.871572737173,8.576135010613996,91.66013981859915,-39.16774286381096,81.31545623025731,313,0.7168424305364169,0,0,0
3,False,0,3510.5003420656767,9800.108517976658,7.661651876798326,92.0,-33.09153922953888,77.90433700680327,314,20.331929589898664,-1,1,0
4,True,0,3548.5515700452415,1440.668112458121,4.321919597095841,59.1,-50.51070399936988,80.86962358260189,315,38.05122797956483,1,0,0
1,True,0,3552.4442217619244,9771.871572737173,8.576135010613996,62.27580928614646,-39.38821869895906,81.36116248557866,316,3.892651716682849,0,0,0
3,False,0,3571.5003420656767,9800.108517976658,7.661651876798326,61.0,-33.167699455819665,78.0178690853086,317,19.056120303752323,-1,1,0
4,True,0,3607.6515700452414,1210.5517256082805,4.818789491835725,59.1,-50.77261522134834,80.88723165139155,318,36.15122797956474,1,0,0
1,True,0,3629.3199391575076,9771.871572737173,8.576135010613996,76.8757173955831,-39.62274809024619,81.41060154058538,319,21.66836911226619,0,0,0
3,False,0,3648.3732952856235,9800.108517976658,7.661651876798326,76.872953219947,-33.266035592431074,78.13076368942707,320,19.053356128115865,-1,1,0
4,True,0,3666.7515700452414,1319.5971470070351,4.975119608288943,59.1,-51.01436235033715,80.90412092564745,321,18.378274759617852,1,0,0
1,True,0,3720.9800789761066,9771.871572737173,8.576135010613996,91.66013981859915,-39.869770283267975,81.46387651866686,322,54.228508930865246,0,0,0
4,True,0,3725.8515700452413,1440.668112458121,4.892849274822968,59.1,-51.22022194065156,80.92026543646467,323,4.871491069134663,1,0,0
3,False,0,3740.3732952856235,9800.108517976658,7.661651876798326,92.0,-33.38589322860829,78.24270165633817,324,14.521725240382239,-1,1,0
1,True,0,3783.255888262253,9771.871572737173,8.576135010613996,62.27580928614646,-40.127641386085635,81.52106501577738,325,42.88259297662944,0,0,0
4,True,0,3784.951570045241,1210.5517256082805,4.796171127532486,59.1,-51.3770419859497,80.93564417121613,326,1.6956817829882311,1,0,0
3,False,0,3801.3732952856235,9800.108517976658,7.661651876798326,61.0,-33.52647473155766,78.35337018948418,327,16.42172524038233,-1,1,0
4,True,0,3844.051570045241,1319.5971470070351,4.247041563315213,59.1,-51.47503198447505,80.95024121338805,328,42.67827475961758,1,0,0
1,True,0,3860.131605657836,9771.871572737173,8.576135010613996,76.8757173955831,-40.39464530905566,81.5822185840477,329,16.08003561259511,0,0,0
3,False,0,3878.2462485055703,9800.108517976658,7.661651876798326,76.872953219947,-33.68684455457138,78.46246494017966,330,18.114642847734103,-1,1,0
4,True,0,3903.151570045241,1440.668112458121,5.087806046732007,59.1,-51.508349653578065,80.96404584850188,331,24.905321539670695,1,0,0
1,True,0,3951.791745476435,9771.871572737173,8.576135010613996,91.66013981859915,-40.66900518512324,81.64736238871417,332,48.640175431194166,0,0,0
4,True,0,3962.251570045241,1210.5517256082805,5.577818122967686,59.1,-51.47544928938177,80.97705263541724,333,10.459824568805743,1,0,0
3,False,0,3970.2462485055703,9800.108517976658,7.661651876798326,92.0,-33.86593546293645,78.56969203300169,334,7.994678460329396,-1,1,0
1,True,0,4014.0675547625815,9771.871572737173,8.576135010613996,62.27580928614646,-40.94889519457933,81.7164950406484,335,43.8213062570112,0,0,0
4,True,0,4021.351570045241,1319.5971470070351,4.214150708935282,59.1,-51.37917099960019,80.98926144254189,336,7.284015282659311,1,0,0
3,False,0,4031.2462485055703,9800.108517976658,7.661651876798326,61.0,-34.062555636205616,78.67477002148239,337,9.894678460329487,-1,1,0
4,True,0,4080.4515700452407,1440.668112458121,5.371042790222212,59.1,-51.22656550825609,81.0,338,49.20532153967042,1,0,0
1,True,0,4090.9432721581647,9771.871572737173,8.576135010613996,76.8757173955831,-41.2324527155896,81.7895886056014,339,10.491702112924031,0,0,0
3,False,0,4108.119201725517,9800.108517976658,7.661651876798326,76.872953219947,-34.27539659956582,78.77743176108866,340,17.17592956735234,-1,1,0
4,True,0,4139.551570045241,1210.5517256082805,5.446017851570716,59.1,-51.02846501775589,81.0,341,31.432368319723537,1,0,0
1,True,0,4182.603411976764,9771.871572737173,8.576135010613996,91.66013981859915,-41.51779071963543,81.86658879010164,342,43.051841931523086,0,0,0
4,True,0,4198.651570045241,1319.5971470070351,4.206107300984804,59.1,-50.79882577500466,81.0,343,16.048158068477278,1,0,0
3,False,0,4200.119201725517,9800.108517976658,7.661651876798326,92.0,-34.5030419315222,78.87742618702507,344,1.4676316802760994,-1,1,0
1,True,0,4244.8792212629105,9771.871572737173,8.576135010613996,62.27580928614646,-41.803010329377344,81.94741530276902,345,44.76001953739342,0,0,0
4,True,0,4257.751570045241,1440.668112458121,4.539243921084948,59.1,-50.55388161981963,81.0,346,12.872348782330846,1,0,0
3,False,0,4261.119201725517,9800.108517976658,7.661651876798326,61.0,-34.743976689949406,78.97451998502851,347,3.3676316802757356,-1,1,0
4,True,0,4316.851570045242,1210.5517256082805,5.654960028171336,59.1,-50.311159082879215,81.0,348,55.73236831972463,1,0,0
1,True,0,4321.754938658493,9771.871572737173,8.576135010613996,76.8757173955831,-42.08621345537044,82.03196238864075,349,4.903368613251587,0,0,0
3,False,0,4337.992154945464,9800.108517976658,7.661651876798326,76.872953219947,-34.996597493781536,79.06849914403621,350,16.23721628697058,-1,1,0
4,True,0,4375.951570045242,1319.5971470070351,5.399661381142964,59.1,-50.088412873562206,81.0,351,37.9594150997782,1,0,0
1,True,0,4413.415078477093,9771.871572737173,8.576135010613996,91.66013981859915,-42.36551542753646,82.1200995329533,352,37.46350843185064,0,0,0
3,False,0,4429.992154945464,9800.108517976658,7.661651876798326,92.0,-35.2592231932486,79.1591703803941,353,16.57707646837116,-1,1,0
4,True,0,4435.051570045242,1440.668112458121,4.526760428426929,59.1,-49.90254536186401,81.0,354,5.059415099778562,1,0,0
1,True,0,4475.6908877632395,9771.871572737173,8.576135010613996,62.27580928614646,-42.639057537332214,82.21167232969644,355,40.63931771799707,0,0,0
3,False,0,4490.992154945464,9800.108517976658,7.661651876798326,61.0,-35.53010605765084,79.2463624241275,356,15.301267182224365,-1,1,0
4,True,0,4494.151570045243,1210.5517256082805,4.962193415248395,59.1,-49.76857462895094,81.0,357,3.1594150997789257,1,0,0
1,True,0,4552.566605158822,9771.871572737173,8.576135010613996,76.8757173955831,-42.90501940714829,82.30650350915995,358,58.415035113579506,0,0,0
4,True,0,4553.251570045243,1319.5971470070351,5.302574789973245,59.1,-49.69871277986371,81.0,359,0.6849648864208575,1,0,0
3,False,0,4567.865108165411,9800.108517976658,7.661651876798326,76.872953219947,-35.80744340621817,79.32992715871465,360,14.613538120167505,-1,1,0
4,True,0,4612.3515700452435,1440.668112458121,4.956492639934968,59.1,-49.70160965109773,81.0,361,44.48646187983286,1,0,0
1,True,0,4644.226744977422,9771.871572737173,8.576135010613996,91.66013981859915,-43.16163110462168,82.40439411763413,362,31.875174932178197,0,0,0
3,False,0,4659.865108165411,9800.108517976658,7.661651876798326,92.0,-36.08938960465333,79.40974060677772,363,15.638363187988944,-1,1,0
1,True,0,4706.5025542635685,9771.871572737173,8.576135010613996,62.27580928614646,-43.40718492124364,82.50512484141402,364,46.63744609815785,0,0,0
3,False,0,4720.865108165411,9800.108517976658,7.661651876798326,61.0,-36.37406834752356,79.48570375513172,365,14.362553901842148,-1,1,0
1,True,0,4783.378271659151,9771.871572737173,8.576135010613996,76.8757173955831,-43.64004673687809,82.60845746629586,366,62.51316349374065,0,0,0
3,False,0,4797.7380613853575,9800.108517976658,7.661651876798326,76.872953219947,-36.659585144763774,79.55774321370104,367,14.359789726206145,-1,1,0
1,True,0,4875.038411477751,9771.871572737173,8.576135010613996,91.66013981859915,-43.85866689456148,82.71413646285335,368,77.30035009239327,0,0,0
3,False,0,4889.7380613853575,9800.108517976658,7.661651876798326,92.0,-36.94403992919528,79.62581170391815,369,14.699649907606727,-1,1,0
1,True,0,4937.3142207638975,9771.871572737173,8.576135010613996,62.27580928614646,-44.061590513214206,82.82189068694385,370,47.57615937854007,0,0,0
3,False,0,4950.7380613853575,9800.108517976658,7.661651876798326,61.0,-37.22553970115942,79.6898883733548,371,13.42384062145993,-1,1,0
1,True,0,5014.18993815948,9771.871572737173,8.576135010613996,76.8757173955831,-44.24746716963418,82.9314351841278,372,63.451876774122866,0,0,0
3,False,0,5027.611014605304,9800.108517976658,7.661651876798326,76.872953219947,-37.50221112611796,79.7499789344914,373,13.421076445823928,-1,1,0
1,True,0,5105.85007797808,9771.871572737173,8.576135010613996,91.66013981859915,-44.415059885340405,83.04247308599368,374,78.23906337277549,0,0,0
3,False,0,5119.611014605304,9800.108517976658,7.661651876798326,92.0,-37.772213001385396,79.80611562670143,375,13.76093662722451,-1,1,0
1,True,0,5168.125887264227,9771.871572737173,8.576135010613996,62.27580928614646,-44.56325335846072,83.1546975857681,376,48.514872658922286,0,0,0
3,False,0,5180.611014605304,9800.108517976658,7.661651876798326,61.0,-38.033748509028975,79.85835700170377,377,12.485127341077714,-1,1,0
1,True,0,5245.001604659809,9771.871572737173,8.576135010613996,76.8757173955831,-44.69106138588171,83.26779398006443,378,64.39059005450508,0,0,0
3,False,0,5257.483967825251,9800.108517976658,7.661651876798326,76.872953219947,-38.285077173395656,79.90678753391059,379,12.482363165441711,-1,1,0
1,True,0,5336.661744478409,9771.871572737173,8.576135010613996,91.66013981859915,-44.79763342626773,83.38144176318184,380,79.17777665315771,0,0,0
3,False,0,5349.483967825251,9800.108517976658,7.661651876798326,92.0,-38.5245264436904,79.95151705826414,381,12.822223346842293,-1,1,0
1,True,0,5398.937553764556,9771.871572737173,8.576135010613996,62.27580928614646,-44.88226026027315,83.49531676001783,382,49.4535859393045,0,0,0
3,False,0,5410.483967825251,9800.108517976658,7.661651876798326,61.0,-38.750502824525725,79.99268003930332,383,11.546414060695497,-1,1,0
1,True,0,5475.813271160138,9771.871572737173,8.576135010613996,76.8757173955831,-44.94437871028012,83.60909328340014,384,65.3293033348873,0,0,0
3,False,0,5487.356921045198,9800.108517976658,7.661651876798326,76.872953219947,-38.96150248037067,80.0,385,11.543649885059494,-1,1,0
1,True,0,5567.473410978738,9771.871572737173,8.576135010613996,91.66013981859915,-44.98357538825266,83.72244630148109,386,80.11648993353992,0,0,0
3,False,0,5579.356921045198,9800.108517976658,7.661651876798326,92.0,-39.156121243328066,80.0,387,11.883510066460076,-1,1,0
1,True,0,5629.749220264885,9771.871572737173,8.576135010613996,62.27580928614646,-44.99958944676586,83.83505360077086,388,50.39229921968672,0,0,0
3,False,0,5640.356921045198,9800.108517976658,7.661651876798326,61.0,-39.33306395764027,80.0,389,10.60770078031328,-1,1,0
1,True,0,5706.624937660467,9771.871572737173,8.576135010613996,76.8757173955831,-44.99231431490245,83.94659793041522,390,66.26801661526952,0,0,0
3,False,0,5717.229874265145,9800.108517976658,7.661651876798326,76.872953219947,-39.49115309873704,80.0,391,10.604936604677278,-1,1,0
1,True,0,5798.285077479067,9771.871572737173,8.576135010613996,91.66013981859915,-44.96179840746467,84.0,392,81.05520321392214,0,0,0
3,False,0,5809.229874265145,9800.108517976658,7.661651876798326,92.0,-39.62933660946723,80.0,393,10.944796786077859,-1,1,0
1,True,0,5860.560886765214,9771.871572737173,8.576135010613996,62.27580928614646,-44.908244802781745,84.0,394,51.33101250006894,0,0,0
3,False,0,5870.229874265145,9800.108517976658,7.661651876798326,61.0,-39.746694901365615,80.0,395,9.668987499931063,-1,1,0
1,True,0,5937.436604160796,9771.871572737173,8.576135010613996,76.8757173955831,-44.832009891257115,84.0,396,67.20672989565173,0,0,0
3,False,0,5947.102827485091,9800.108517976658,7.661651876798326,76.872953219947,-39.84244697436236,80.0,397,9.66622332429506,-1,1,0
1,True,0,6029.096743979396,9771.871572737173,8.576135010613996,91.66013981859915,-44.73360100364911,84.0,398,81.99391649430436,0,0,0
3,False,0,6039.102827485091,9800.108517976658,7.661651876798326,92.0,-39.915955614209665,80.0,399,10.006083505695642,-1,1,0
