tag,known,mode_index,toa,rf,pw,pri,pa,doa,pulse_index,dtoa,mapped_label,is_unknown,is_noise
0,True,-1,1.1269313376563694,1534.692895000312,5.341735976600229,,-38.17595737067299,81.34180218768077,0,0.0,-1,0,1
0,True,-1,40.27243548878703,10092.995233156116,4.52243446044001,,-43.493217210116576,86.5508995537634,1,39.145504151130666,-1,0,1
2,True,0,43.90498986696829,10136.781856651818,1.2628220898143712,28.0,-35.28442978154599,76.0707468925996,2,3.6325543781812613,1,0,0
4,True,0,53.617577401209594,10570.459392962875,5.767989024998879,19.164522622702265,-44.36344404618838,82.38659285660147,3,9.712587534241301,3,0,0
0,True,-1,70.7589039246455,2441.8756780974218,7.220712938417831,,-49.585393529637756,79.90090637461591,4,17.1413265234359,-1,0,1
2,True,0,71.9049898669683,10048.130466249257,3.8,28.0,-35.57014406726027,76.08344797981816,5,1.1460859423227987,1,0,0
0,True,-1,79.45338871138853,5138.896162359557,3.288072005821074,,-52.654689900869826,86.82617360125548,6,7.548398844420234,-1,0,1
0,True,-1,79.5517993089302,5774.953377601283,4.172612422490796,,-43.43532589195027,83.55728566020942,7,0.09841059754167247,-1,0,1
3,True,0,84.62511440109301,1205.0,5.049348207515336,59.1,-49.59350993546532,80.05400112947356,8,5.073315092162815,2,0,0
4,True,0,87.48653388960284,10570.459392962875,5.767989024998879,33.868956488393245,-44.68997465843327,82.40810620742629,9,2.8614194885098243,3,0,0
0,True,-1,97.35890805835778,4936.680719795344,2.936250454378889,,-48.46778816271787,86.36630579149715,10,9.872374168754945,-1,0,1
2,True,0,99.9049898669683,9824.286504495505,1.2628220898143712,28.0,-35.85585835297456,76.0960158151891,11,2.5460818086105093,1,0,0
1,True,0,115.03917759108685,9823.232317339574,8.436789251277519,62.86861953488368,-44.456942575212416,79.18574392632821,12,15.134187724118561,0,0,0
2,True,0,127.9049898669683,10153.670252166872,3.8,28.0,-36.14157263868884,76.10860840858206,13,12.865812275881439,1,0,0
4,True,0,136.18653388960283,10570.459392962875,5.767989024998879,48.7,-45.01650527067817,82.42819414686747,14,8.281544022634534,3,0,0
3,True,0,143.725114401093,1326.5044043507671,4.499573810643395,59.1,-49.45048034031834,80.07096020784431,15,7.538580511490181,2,0,0
4,True,0,155.3510565123051,10570.459392962875,5.767989024998879,19.164522622702265,-45.34303588292307,82.4470257138342,16,11.625942111212083,3,0,0
2,True,0,155.9049898669683,10119.01841584824,1.2628220898143712,28.0,-36.427286924403134,76.1213836681307,17,0.5539333546632008,1,0,0
2,True,0,183.9049898669683,10156.222979564176,3.8,28.0,-36.71300121011742,76.13449875135422,18,28.0,1,0,0
4,True,0,189.22001300069834,10570.459392962875,5.767989024998879,33.868956488393245,-45.66956649516796,82.4647751099396,19,5.315023133730051,3,0,0
1,True,0,190.84728378717458,9823.232317339574,8.436789251277519,75.80810619608773,-44.570842715832775,79.27293638941079,20,1.627270786476231,0,0,0
3,True,0,202.825114401093,1450.0,4.362652309450208,59.1,-49.3555426162849,80.08766962626031,21,11.977830613918428,2,0,0
0,True,-1,203.95156096475915,3978.437449173568,8.392060624823873,,-46.688186172564265,76.670047388728,22,1.1264465636661498,-1,0,1
2,True,0,211.9049898669683,9908.610245215648,1.2628220898143712,28.0,-36.9987154958317,76.14810941936346,23,7.95342890220914,1,0,0
0,True,-1,221.57630786226497,3630.2203973791425,1.267474440821151,,-40.0341823750933,77.72625687890006,24,9.671317995296675,-1,0,1
0,True,-1,235.7502129119744,5985.3482609500725,7.01260257234948,,-49.661511350963785,87.679226442791,25,14.173905049709418,-1,0,1
4,True,0,237.92001300069833,10570.459392962875,5.767989024998879,48.7,-45.996097107412865,82.48162098366905,26,2.169800088723946,3,0,0
2,True,0,239.9049898669683,10087.521051865284,3.8,28.0,-37.28442978154599,76.16236939680508,27,1.9849768662699603,1,0,0
4,True,0,257.0845356234006,10570.459392962875,5.767989024998879,19.164522622702265,-46.32262771965776,82.49774569627515,28,17.179545756432304,3,0,0
3,True,0,261.925114401093,1205.0,5.1961927613923695,59.1,-49.31030921758097,80.10410265289732,29,4.8405787776924285,2,0,0
2,True,0,267.90498986696826,9980.597813253233,1.2628220898143712,28.0,-37.57014406726027,76.177429740174,30,5.979875465875239,1,0,0
1,True,0,282.8472837871746,9823.232317339574,8.436789251277519,92.0,-44.67212410504008,79.35921695212558,31,14.942293920206339,0,0,0
4,True,0,290.9534921117939,10570.459392962875,5.767989024998879,33.868956488393245,-46.64915833190266,82.51333457241623,32,8.106208324619274,3,0,0
2,True,0,295.90498986696826,9947.27708638178,3.8,28.0,-37.85585835297456,76.19343821708988,33,4.951497755174387,1,0,0
0,True,-1,315.5096749551872,11588.343388941556,2.1107772822292272,,-53.46485134407552,78.56117348943198,34,19.604685088218957,-1,0,1
0,True,-1,318.7413469480322,6533.148228251019,3.590448355476976,,-36.53113942410142,84.58781652629814,35,3.2316719928449515,-1,0,1
3,True,0,321.025114401093,1326.5044043507671,4.3532478222176,59.1,-49.31468017608955,80.12023369168423,36,2.2837674530608183,2,0,0
2,True,0,323.90498986696826,10154.300056482709,1.2628220898143712,28.0,-38.14157263868884,76.21053869908825,37,2.8798754658752728,1,0,0
0,True,-1,334.245416324471,6791.297220639329,2.3801707963771226,,-39.68734787649704,85.35660557953746,38,10.340426457502758,-1,0,1
4,True,0,339.65349211179387,10570.459392962875,5.767989024998879,48.7,-46.97568894414756,82.52857513861761,39,5.4080757873228436,3,0,0
1,True,0,345.71590332205824,9823.232317339574,8.436789251277519,62.86861953488368,-44.76037055588129,79.44444072293426,40,6.062411210264372,0,0,0
2,True,0,351.90498986696826,10158.598382942047,3.8,28.0,-38.427286924403134,76.2288705704215,41,6.189086544910026,1,0,0
0,True,-1,353.5899432877326,7785.1664176267095,4.114090968736378,,-38.180537191086046,83.51293822215965,42,1.684953420764316,-1,0,1
4,True,0,358.8180147344961,10570.459392962875,5.767989024998879,19.164522622702265,-47.30221955639246,82.54365635268488,43,5.228071446763522,3,0,0
2,True,0,379.90498986696826,10128.63384179757,1.2628220898143712,28.0,-38.71300121011742,76.24856815529917,44,21.086975132472162,1,0,0
3,True,0,380.125114401093,1450.0,4.602049176100635,59.1,-49.366854054480584,80.13603838748274,45,0.22012453412474997,2,0,0
0,True,-1,389.6626742207979,10648.879035318496,3.9743746258869654,,-44.713426877091365,78.12433527376635,46,9.537559819704882,-1,0,1
2,True,0,407.90498986696826,9855.022422869037,3.8,28.0,-38.9987154958317,76.26976016592084,47,18.24231564617037,1,0,0
1,True,0,421.524009518146,9823.232317339574,8.436789251277519,75.80810619608773,-44.83521944476109,79.52846715288314,48,13.619019651177723,0,0,0
2,True,0,435.90498986696826,9923.005801624364,1.2628220898143712,28.0,-39.28442978154599,76.29256917357017,49,14.380980348822277,1,0,0
3,True,0,439.22511440109304,1205.0,4.950181102942011,59.1,-49.46340112630983,80.15149372616793,50,3.3201245341247727,2,0,0
4,True,0,441.3869712228893,10570.459392962875,5.767989024998879,48.7,-47.95528078088225,82.57409905054088,51,2.1618568217962775,3,0,0
0,True,-1,457.7934353020777,5038.674610671923,3.4274512066708773,,-44.01085761599725,84.3774254935697,52,16.406464079188368,-1,0,1
4,True,0,460.55149384559155,10570.459392962875,5.767989024998879,19.164522622702265,-48.28181139312715,82.58983860787657,53,2.7580585435138687,3,0,0
2,True,0,463.90498986696826,9842.264688558065,3.8,28.0,-39.57014406726027,76.31711110494324,54,3.3534960213767135,1,0,0
4,True,0,494.4204503339848,10570.459392962875,5.767989024998879,33.868956488393245,-48.608342005372045,82.6061734065867,55,30.51546046701651,3,0,0
2,True,0,495.90498986696826,10162.525163249753,1.2628220898143712,32.0,-39.85585835297456,76.34349476578076,56,1.48453953298349,1,0,0
0,True,-1,496.7896422990765,7493.547661313332,5.426996081220189,,-44.33073246097962,82.47239883766615,57,0.8846524321082256,-1,0,1
3,True,0,498.32511440109306,1326.5044043507671,4.965479720817555,59.1,-49.59939605639476,80.16657812919817,58,1.5354721020165698,2,0,0
1,True,0,513.524009518146,9823.232317339574,8.436789251277519,92.0,-44.896363201540034,79.61116061314891,59,15.198895117052984,0,0,0
2,True,0,527.9049898669683,10101.27249979328,3.8,32.0,-40.14157263868884,76.37182139376208,60,14.380980348822277,1,0,0
4,True,0,543.1204503339848,10570.459392962875,5.767989024998879,48.7,-48.934872617616946,82.62328790804078,61,15.215460467016442,3,0,0
0,True,-1,545.0389051294156,10656.203493853629,5.147771251835015,,-44.35057662910012,81.69194259443586,62,1.9184547954308755,-1,0,1
3,True,0,557.4251144010931,1450.0,4.927172754122409,59.1,-49.768605162570815,80.18127154228603,63,12.386209271677444,2,0,0
2,True,0,559.9049898669683,10161.507216449842,1.2628220898143712,32.0,-40.427286924403134,76.40218424249774,64,2.4798754658752387,1,0,0
4,True,0,562.2849729566869,10570.459392962875,5.767989024998879,19.164522622702265,-49.26140322986184,82.64136336964243,65,2.379983089718621,3,0,0
1,True,0,576.3926290530296,9823.232317339574,8.436789251277519,62.86861953488368,-44.943550573406235,79.69239095236664,66,14.10765609634268,0,0,0
0,True,-1,586.8246247609338,10806.261729831398,8.097431586772146,,-49.83512286634251,79.09117665621514,67,10.431995707904207,-1,0,1
2,True,0,591.9049898669683,10117.05009102646,3.8,32.0,-40.71300121011742,76.43466819833048,68,5.080365106034492,1,0,0
4,True,0,596.1539294450802,10570.459392962875,5.767989024998879,33.868956488393245,-49.58793384210674,82.66057710000398,69,4.248939578111845,3,0,0
0,True,-1,598.4838497734654,11022.511332292379,4.633390644016831,,-48.22619319007088,80.42376949929609,70,2.329920328385242,-1,0,1
3,True,0,616.5251144010931,1205.0,4.947403887225175,59.1,-49.96372132925808,80.19555551780559,71,18.041264627627697,2,0,0
2,True,0,623.9049898669683,9949.906253132092,1.2628220898143712,32.0,-40.9987154958317,76.46934943151898,72,7.379875465875216,1,0,0
0,True,-1,624.6562795757725,9120.80661989898,4.316279496085665,,-37.03632811833167,86.79395139877184,73,0.7512897088041655,-1,0,1
0,True,-1,638.28071266556,6274.19564249406,3.8504596212874773,,-51.132961121914356,86.15329600252775,74,13.624433089787544,-1,0,1
4,True,0,644.8539294450802,10570.459392962875,5.767989024998879,48.7,-49.91446445435164,82.68110173034718,75,6.57321677952018,3,0,0
1,True,0,652.2007352491173,9823.232317339574,8.436789251277519,75.80810619608773,-44.97658765732703,79.77203403144962,76,7.346805804037103,0,0,0
2,True,0,655.9049898669683,9964.390188903104,3.8,32.0,-41.28442978154599,76.50629508323796,77,3.7042546178510065,1,0,0
3,True,0,675.6251144010931,1326.5044043507671,4.789673682410689,59.1,-50.17663788826372,80.20941329059774,78,19.720124534124807,2,0,0
2,True,0,687.9049898669683,10081.42930471565,1.2628220898143712,32.0,-41.57014406726027,76.54556298968066,79,12.279875465875193,1,0,0
0,True,-1,696.3592914278771,8217.09561996808,6.480731904275499,,-37.66182226509034,85.5781584322155,80,8.454301560908789,-1,0,1
4,True,0,697.8874085561757,10570.459392962875,5.767989024998879,33.868956488393245,-50.567525678841434,82.72674659477642,81,1.528117128298618,3,0,0
2,True,0,719.9049898669683,9923.797958717478,3.8,32.0,-41.85585835297456,76.58720144439758,82,22.017581310792593,1,0,0
0,True,-1,724.2467777972998,3754.3899216026566,6.200140534401003,,-38.77159387059716,82.20298353171054,83,4.34178793033152,-1,0,1
0,True,-1,734.6861115663894,5714.616563852173,3.8645402851539448,,-44.253292736838624,77.83435483282676,84,10.439333769089558,-1,0,1
3,True,0,734.7251144010932,1450.0,5.436160482219691,59.1,-50.39875134762786,80.22282984686177,85,0.03900283470375143,2,0,0
4,True,0,746.5874085561758,10570.459392962875,5.767989024998879,48.7,-50.89405629108633,82.75218243344608,86,11.862294155082623,3,0,0
2,True,0,751.9049898669683,10064.334308997006,1.2628220898143712,32.0,-41.85842736131116,76.63124899984781,87,5.317581310792548,1,0,0
4,True,0,765.7519311788781,10570.459392962875,5.767989024998879,19.164522622702265,-50.77941309666877,82.77955908437774,88,13.846941311909745,3,0,0
2,True,0,783.9049898669683,10091.531215304642,3.8,32.0,-41.572713075596866,76.67773430897886,89,18.153058688090255,1,0,0
3,True,0,793.8251144010932,1205.0,5.3424345135117015,59.1,-50.62128178798878,80.23579198585037,90,9.920124534124852,2,0,0
4,True,0,799.6208876672713,10570.459392962875,5.767989024998879,33.868956488393245,-50.452882484423874,82.80901563560165,91,5.7957732661781165,3,0,0
1,True,0,807.069354784001,9823.232317339574,8.436789251277519,62.86861953488368,-44.99972663989616,79.9260949481385,92,7.4484671167297165,0,0,0
2,True,0,815.9049898669683,10129.776590159978,1.2628220898143712,32.0,-41.28699878988258,76.72667600748541,93,8.835635082967315,1,0,0
2,True,0,847.9049898669683,10152.339660577298,3.8,32.0,-41.0012845041683,76.77808263723132,94,32.0,1,0,0
4,True,0,848.3208876672713,10570.459392962875,5.767989024998879,48.7,-50.12635187217897,82.84068262839159,95,0.41589780030301426,3,0,0
3,True,0,852.9251144010932,1326.5044043507671,4.409239079021453,59.1,-50.83559909703225,80.24828837411425,96,4.604226733821861,2,0,0
4,True,0,867.4854102899736,10570.459392962875,5.767989024998879,19.164522622702265,-49.79982125993408,82.87468152084284,97,14.560295888880432,3,0,0
2,True,0,879.9049898669683,10010.003109809017,1.2628220898143712,32.0,-40.71557021845401,76.83195261114928,98,12.419579576994693,1,0,0
1,True,0,882.8774609800887,9823.232317339574,8.436789251277519,75.80810619608773,-44.989733455501835,80.00029902399373,99,2.9724711131203776,0,0,0
4,True,0,901.3543667783669,10570.459392962875,5.767989024998879,33.868956488393245,-49.473290647689176,82.91112418877472,100,18.476905798278153,3,0,0
2,True,0,911.9049898669683,10129.950874975295,3.8,32.0,-40.42985593273973,76.88827421976237,101,10.55062308860147,1,0,0
3,True,0,912.0251144010932,1450.0,4.589702112635061,59.1,-51.03354300001963,80.26030959207377,102,0.12012453412489776,2,0,0
4,True,0,950.0543667783669,10570.459392962875,5.767989024998879,48.7,-49.14676003544428,82.950112466009,103,38.02925237727368,3,0,0
4,True,0,969.2188894010692,10570.459392962875,5.767989024998879,19.164522622702265,-48.82022942319938,82.99173772591273,104,19.164522622702293,3,0,0
3,True,0,971.1251144010932,1205.0,5.166808049337404,59.1,-51.20772507598972,80.271848172726,105,1.906225000024051,2,0,0
1,True,0,974.8774609800887,9823.232317339574,8.436789251277519,92.0,-44.965400207793365,80.07248919460578,106,3.752346578995457,0,0,0
2,True,0,975.9049898669683,9866.631157295102,3.8,32.0,-39.85842736131116,77.00817522121622,107,1.0275288868796224,1,0,0
4,True,0,1003.0878458894624,10570.459392962875,5.767989024998879,33.868956488393245,-48.493698810954484,83.03608050592557,108,27.182856022494093,3,0,0
2,True,0,1003.9049898669683,10111.99240892588,1.2628220898143712,28.0,-39.572713075596866,77.07168122272532,109,0.8171439775059071,1,0,0
3,True,0,1030.2251144010934,1326.5044043507671,4.276278573876498,59.1,-51.351801616446906,80.2828986323282,110,26.320124534125057,2,0,0
2,True,0,1031.9049898669682,10075.469133490957,3.8,28.0,-39.28699878988258,77.13749237784688,111,1.6798754658748294,1,0,0
1,True,0,1037.7460805149724,9823.232317339574,8.436789251277519,62.86861953488368,-44.92682688730507,80.14257846887982,112,5.841090648004183,0,0,0
4,True,0,1051.7878458894625,10570.459392962875,5.767989024998879,48.7,-48.16716819870959,83.0832101766141,113,14.041765374490069,3,0,0
2,True,0,1059.9049898669682,10163.673237887586,1.2628220898143712,28.0,-39.0012845041683,77.20554790822908,114,8.117143977505748,1,0,0
4,True,0,1070.9523685121646,10570.459392962875,5.767989024998879,19.164522622702265,-47.84063758646469,83.13318465661341,115,11.047378645196432,3,0,0
2,True,0,1087.9049898669682,9991.043747602667,3.8,28.0,-38.71557021845401,77.27577781290067,116,16.95262135480357,1,0,0
3,True,0,1089.3251144010933,1450.0,4.982381432440153,59.1,-51.46070726156245,80.29345749293175,117,1.4201245341250797,2,0,0
4,True,0,1104.8213250005579,10570.459392962875,5.767989024998879,33.868956488393245,-47.51410697421979,83.18605017462683,118,15.496210599464575,3,0,0
1,True,0,1113.55418671106,9823.232317339574,8.436789251277519,75.80810619608773,-44.87417200008476,80.21048848875475,119,8.73286171050222,0,0,0
2,True,0,1115.9049898669682,10139.811928990253,1.2628220898143712,28.0,-38.42985593273973,77.34810315592007,120,2.3508031559081246,1,0,0
2,True,0,1143.9049898669682,10126.925029475478,3.8,28.0,-38.14414164702544,77.42243639074009,121,28.0,1,0,0
3,True,0,1148.4251144010932,1205.0,4.556866314877341,59.1,-51.53084079834993,80.30352329667376,122,4.520124534124989,2,0,0
4,True,0,1153.521325000558,10570.459392962875,5.767989024998879,48.7,-47.18757636197489,83.24184107946243,123,5.096210599464712,3,0,0
2,True,0,1171.9049898669682,10012.305922395448,1.2628220898143712,28.0,-37.85842736131116,77.49868171995539,124,18.3836648664103,1,0,0
4,True,0,1172.68584762326,10570.459392962875,5.767989024998879,19.164522622702265,-46.861045749729996,83.30057969888631,125,0.7808577562918799,3,0,0
2,True,0,1199.9049898669682,10171.40925625123,3.8,28.0,-37.57271307559687,77.57673548895465,126,27.21914224370812,1,0,0
1,True,0,1205.55418671106,9823.232317339574,8.436789251277519,92.0,-44.807651916358495,80.27614985119324,127,5.649196844091875,0,0,0
4,True,0,1206.5548041116533,10570.459392962875,5.767989024998879,33.868956488393245,-46.534515137485094,83.36227624787304,128,1.000617400593228,3,0,0
3,True,0,1207.525114401093,1326.5044043507671,5.306786874900514,59.1,-51.56019627245978,80.31309661176775,129,0.9703102894397944,2,0,0
2,True,0,1227.9049898669682,10191.516932478922,1.2628220898143712,28.0,-37.28699878988259,77.65648661185955,130,20.379875465875102,1,0,0
4,True,0,1255.2548041116534,10570.459392962875,5.767989024998879,48.7,-46.2079845252402,83.42692878663016,131,27.34981424468515,3,0,0
2,True,0,1255.9049898669682,9917.725485784618,3.8,28.0,-37.0012845041683,77.73781702800048,132,0.6501857553148511,1,0,0
3,True,0,1266.625114401093,1450.0,5.445681147524106,59.1,-51.548434584983156,80.32218003016871,133,10.720124534124807,2,0,0
1,True,0,1268.4228062459438,9823.232317339574,8.436789251277519,62.86861953488368,-44.72753998141879,80.33950239337369,134,1.7976918448507604,0,0,0
4,True,0,1274.4193267343555,10570.459392962875,5.767989024998879,19.164522622702265,-45.8814539129953,83.49452322856916,135,5.996520488411761,3,0,0
2,True,0,1283.9049898669682,9824.326679203501,1.2628220898143712,28.0,-36.71557021845401,77.82060218705321,136,9.485663132612672,1,0,0
4,True,0,1308.2882832227488,10570.459392962875,5.767989024998879,33.868956488393245,-45.5549233007504,83.56503339819035,137,24.383293355780552,3,0,0
2,True,0,1311.9049898669682,10134.206442697263,3.8,28.0,-36.42985593273973,77.90471156084281,138,3.616706644219448,1,0,0
2,True,0,1339.9049898669682,10111.474392019965,1.2628220898143712,28.0,-36.14414164702544,77.99000917971198,139,28.0,1,0,0
1,True,0,1344.2309124420315,9823.232317339574,8.436789251277519,75.80810619608773,-44.63416539239029,80.40049543991222,140,4.3259225750632595,0,0,0
4,True,0,1356.9882832227488,10570.459392962875,5.767989024998879,48.7,-45.22839268850551,83.63842113864355,141,12.757370780717338,3,0,0
2,True,0,1367.9049898669682,10057.75471302473,3.8,28.0,-35.85842736131116,78.07635419124945,142,10.916706644219403,1,0,0
4,True,0,1376.152805845451,10570.459392962875,5.767989024998879,19.164522622702265,-44.901862076260606,83.71463646852278,143,8.247815978482777,3,0,0
3,True,0,1384.8251144010928,1326.5044043507671,5.577173017502529,59.1,-51.40853183107653,80.33889759124148,144,8.672308555641848,2,0,0
2,True,0,1395.9049898669682,10096.602689429019,1.2628220898143712,28.0,-35.572713075596866,78.16360143908288,145,11.079875465875375,1,0,0
4,True,0,1410.0217623338442,10570.459392962875,5.767989024998879,33.868956488393245,-44.57533146401571,83.79361778725064,146,14.116772466876,3,0,0
2,True,0,1423.9049898669682,10161.612381191691,3.8,28.0,-35.28699878988258,78.25160205935742,147,13.883227533124,1,0,0
1,True,0,1436.2309124420315,9823.232317339574,8.436789251277519,92.0,-44.52791184548808,80.45908801109859,148,12.32592257506326,0,0,0
4,True,0,1458.7217623338443,10570.459392962875,5.767989024998879,48.7,-44.24880085177081,83.87529212820822,149,22.490849891812786,3,0,0
2,True,0,1487.9049898669682,10068.044187735195,3.8,32.0,-35.28442978154598,78.4292531074004,150,29.183227533123954,1,0,0
1,True,0,1499.0995319769152,9823.232317339574,8.436789251277519,62.86861953488368,-44.40921595932771,80.5152489912907,151,11.194542109946951,0,0,0
3,True,0,1503.0251144010927,1205.0,4.857993622195195,59.1,-51.14057195057166,80.35373657947798,152,3.9255824241774917,2,0,0
4,True,0,1511.7552414449397,10570.459392962875,5.767989024998879,33.868956488393245,-43.59573962728101,84.04637302461579,153,8.730127043847006,3,0,0
2,True,0,1519.9049898669682,9882.177755736631,1.2628220898143712,32.0,-35.57014406726027,78.51859283650838,154,8.149748422028551,1,0,0
4,True,0,1560.4552414449397,10570.459392962875,5.767989024998879,48.7,-43.26920901503612,84.13557974108808,155,40.550251577971494,3,0,0
1,True,0,1574.9076381730029,9823.232317339574,8.436789251277519,75.80810619608773,-44.27856548076559,80.56895725677549,156,14.45239672806315,0,0,0
4,True,0,1579.6197640676419,10570.459392962875,5.767989024998879,19.164522622702265,-43.057321597208784,84.22708062301588,157,4.71212589463903,3,0,0
2,True,0,1583.9049898669682,9995.79371353091,1.2628220898143712,32.0,-36.14157263868884,78.69751404039752,158,4.2852257993263265,1,0,0
4,True,0,1613.488720556035,10570.459392962875,5.767989024998879,33.868956488393245,-43.38385220945368,84.32075125820967,159,29.583730689066897,3,0,0
2,True,0,1615.9049898669682,10006.122565574427,3.8,32.0,-36.42728692440313,78.78677959717541,160,2.416269310933103,1,0,0
3,True,0,1621.2251144010925,1450.0,4.694903049806187,59.1,-50.79503424014869,80.36678844057828,161,5.320124534124261,2,0,0
2,True,0,1647.9049898669682,10144.13353488628,1.2628220898143712,32.0,-36.71300121011741,78.87570533027844,162,26.67987546587574,1,0,0
4,True,0,1662.1887205560352,10570.459392962875,5.767989024998879,48.7,-43.71038282169857,84.41645831849833,163,14.283730689066942,3,0,0
1,True,0,1666.9076381730029,9823.232317339574,8.436789251277519,92.0,-44.13649728064259,80.62020176257062,164,4.718917616967701,0,0,0
2,True,0,1679.9049898669682,10053.534280431722,3.8,32.0,-36.9987154958317,78.96413547859572,165,12.997351693965356,1,0,0
3,True,0,1680.3251144010924,1205.0,5.008344110728864,59.1,-50.61288712330072,80.3726808502134,166,0.42012453412417017,2,0,0
4,True,0,1681.3532431787373,10570.459392962875,5.767989024998879,19.164522622702265,-44.036913433943475,84.5140601076032,167,1.0281287776449517,3,0,0
2,True,0,1711.9049898669682,10138.798992429176,1.2628220898143712,32.0,-37.28442978154599,79.05191631748065,168,30.551746688230878,1,0,0
4,True,0,1715.2221996671306,10570.459392962875,5.767989024998879,33.868956488393245,-44.36344404618837,84.61340714339853,169,3.3172098001623453,3,0,0
1,True,0,1729.7762577078865,9823.232317339574,8.436789251277519,62.86861953488368,-43.98359514766653,80.66898158781089,170,14.55405804075599,0,0,0
3,True,0,1739.4251144010923,1326.5044043507671,5.667206914258998,59.1,-50.435873746210625,80.37817396482053,171,9.648856693205744,2,0,0
2,True,0,1743.9049898669682,9828.082251388658,3.8,32.0,-37.57014406726027,79.13889679043825,172,4.479875465875921,1,0,0
4,True,0,1763.9221996671306,10570.459392962875,5.767989024998879,48.7,-44.68997465843327,84.71434277216555,173,20.01720980016239,3,0,0
2,True,0,1775.9049898669682,10166.677450586858,1.2628220898143712,32.0,-37.85585835297456,79.22492912984889,174,11.98279019983761,1,0,0
3,True,0,1798.5251144010922,1450.0,4.847483525633572,59.1,-50.27251980285002,80.38328714277367,175,22.62012453412399,2,0,0
1,True,0,1805.5843639039742,9823.232317339574,8.436789251277519,75.80810619608773,-43.82048738949922,80.71530593953213,176,7.0592495028820395,0,0,0
2,True,0,1807.9049898669682,10077.674331847493,3.8,32.0,-38.14157263868884,79.30986946417705,177,2.3206259629939723,1,0,0
4,True,0,1816.955678778226,10570.459392962875,5.767989024998879,33.868956488393245,-45.34303588292306,84.92032122494132,178,9.050688911257794,3,0,0
2,True,0,1839.9049898669682,10056.603083188444,1.2628220898143712,32.0,-38.42728692440313,79.39357840917033,179,22.949311088742206,1,0,0
3,True,0,1857.625114401092,1205.0,4.323484355630874,59.1,-50.1309523480993,80.38804130368803,180,17.720124534123897,2,0,0
4,True,0,1865.655678778226,10570.459392962875,5.767989024998879,48.7,-45.66956649516796,85.02502080842775,181,8.030564377133942,3,0,0
2,True,0,1871.9049898669682,10059.936434891044,3.8,32.0,-38.71300121011741,79.4759216406192,182,6.249311088742161,1,0,0
4,True,0,1884.8202014009282,10570.459392962875,5.767989024998879,19.164522622702265,-45.996097107412865,85.13062391429014,183,12.915211533960019,3,0,0
1,True,0,1897.5843639039742,9823.232317339574,8.436789251277519,92.0,-43.64784425090547,80.75919411483756,184,12.764162503046009,0,0,0
2,True,0,1903.9049898669682,9829.005318934418,1.2628220898143712,32.0,-38.9987154958317,79.55677044632407,185,6.320625962993972,1,0,0
4,True,0,1918.6891578893215,10570.459392962875,5.767989024998879,33.868956488393245,-46.32262771965776,85.23694818127588,186,14.784168022353242,3,0,0
2,True,0,1935.9049898669682,10072.832719401182,3.8,32.0,-39.28442978154599,79.63600225500124,187,17.215831977646758,1,0,0
1,True,0,1960.452983438858,9823.232317339574,8.436789251277519,62.86861953488368,-43.46637515957361,80.80067542160184,188,24.54799357188972,0,0,0
2,True,0,1963.9049898669682,10011.50835173846,1.2628220898143712,28.0,-39.57014406726027,79.71350113995472,189,3.4520064281102805,1,0,0
4,True,0,1967.3891578893215,10570.459392962875,5.767989024998879,48.7,-46.649158331902655,85.34380828472663,190,3.4841680223532876,3,0,0
3,True,0,1975.825114401092,1450.0,5.379281245016507,59.1,-49.94186733853991,80.39656353722599,191,8.435956511770428,2,0,0
4,True,0,1986.5536805120237,10570.459392962875,5.767989024998879,19.164522622702265,-46.97568894414756,85.45101669811709,192,10.728566110931752,3,0,0
2,True,0,1991.9049898669682,9977.104241940933,3.8,28.0,-39.85585835297456,79.78915829544373,193,5.351309354944533,1,0,0
2,True,0,2019.9049898669682,10171.753545557302,1.2628220898143712,28.0,-40.14157263868884,79.86287248378895,194,28.0,1,0,0
4,True,0,2020.422637000417,10570.459392962875,5.767989024998879,33.868956488393245,-47.30221955639246,85.55838446364166,195,0.5176471334486905,3,0,0
3,True,0,2034.9251144010918,1205.0,4.3699291807612255,59.1,-49.9059741546502,80.40038045168436,196,14.502477400674934,2,0,0
1,True,0,2036.2610896349456,9823.232317339574,8.436789251277519,75.80810619608773,-43.276825810924905,80.83978905803875,197,1.3359752338537874,0,0,0
2,True,0,2047.9049898669682,9850.295174686353,3.8,28.0,-40.427286924403134,79.93455045137982,198,11.643900232022588,1,0,0
4,True,0,2088.2871596231194,10570.459392962875,5.767989024998879,19.164522622702265,-47.95528078088225,85.77283972496933,199,40.38216975615114,3,0,0
3,True,0,2094.0251144010917,1326.5044043507671,5.228394497506283,59.1,-49.91466836450941,80.40393583207194,200,5.737954777972391,2,0,0
2,True,0,2103.904989866968,9952.683533211039,3.8,28.0,-40.998715495831696,80.07146689501162,201,9.879875465876466,1,0,0
4,True,0,2122.156116111513,10570.459392962875,5.767989024998879,33.868956488393245,-48.28181139312714,85.87954914722548,202,18.251126244544594,3,0,0
1,True,0,2128.2610896349456,9823.232317339574,8.436789251277519,92.0,-43.07997510389117,80.87658395162732,203,6.104973523432818,0,0,0
2,True,0,2131.904989866968,9941.097991799978,1.2628220898143712,28.0,-41.28442978154599,80.13656205961918,204,3.643900232022588,1,0,0
3,True,0,2153.1251144010917,1450.0,5.457221180787674,59.1,-49.97012036956035,80.40725699932825,205,21.220124534123443,2,0,0
2,True,0,2159.904989866968,10049.166987572096,3.8,28.0,-41.57014406726027,80.19933496950301,206,6.779875465876557,1,0,0
4,True,0,2170.8561161115126,10570.459392962875,5.767989024998879,48.7,-48.608342005372045,85.98566332810718,207,10.951126244544412,3,0,0
2,True,0,2187.904989866968,9859.277181874912,1.2628220898143712,28.0,-41.85585835297456,80.25973733111263,208,17.04887375545559,1,0,0
4,True,0,2190.020638734215,10570.459392962875,5.767989024998879,19.164522622702265,-48.934872617616946,86.09099780624494,209,2.1156488672468186,3,0,0
1,True,0,2191.1297091698293,9823.232317339574,8.436789251277519,62.86861953488368,-42.876631940251954,80.91111855805832,210,1.109070435614285,0,0,0
3,True,0,2212.2251144010916,1205.0,4.92182957676384,59.1,-50.072824191668566,80.41037223682488,211,21.095405231262248,2,0,0
2,True,0,2215.904989866968,9922.602488930192,3.8,28.0,-41.85842736131116,80.31773059198893,212,3.6798754658766484,1,0,0
4,True,0,2223.8895952226085,10570.459392962875,5.767989024998879,33.868956488393245,-49.26140322986184,86.19537132423513,213,7.984605355640269,3,0,0
2,True,0,2243.904989866968,10049.470901824545,1.2628220898143712,28.0,-41.57271307559687,80.3732860991844,214,20.01539464435973,1,0,0
1,True,0,2266.9378153659172,9823.232317339574,8.436789251277519,75.80810619608773,-42.66763190068362,80.94346062102721,215,23.032825498949023,0,0,0
3,True,0,2271.3251144010915,1326.5044043507671,5.447634201207086,59.1,-50.22156881870599,80.41331067414293,216,4.387299035174237,2,0,0
2,True,0,2271.904989866968,9924.281248382164,3.8,28.0,-41.28699878988258,80.42638521700438,217,0.5798754658767393,1,0,0
4,True,0,2272.5895952226083,10570.459392962875,5.767989024998879,48.7,-49.587933842106736,86.29860657346542,218,0.6846053556400875,3,0,0
4,True,0,2291.7541178453107,10570.459392962875,5.767989024998879,19.164522622702265,-49.91446445435164,86.40053092271404,219,19.164522622702407,3,0,0
2,True,0,2299.904989866968,9981.193142422811,1.2628220898143712,28.0,-41.0012845041683,80.477019403585,220,8.150872021657506,1,0,0
4,True,0,2325.623074333704,10570.459392962875,5.767989024998879,33.868956488393245,-50.24099506659654,86.50097712752842,221,25.718084466735945,3,0,0
2,True,0,2327.904989866968,9983.934886061472,3.8,28.0,-40.71557021845401,80.52519024599358,222,2.281915533264055,1,0,0
3,True,0,2330.4251144010914,1450.0,5.294736029673085,59.1,-50.413472279775526,80.41610216737337,223,2.5201245341231697,2,0,0
2,True,0,2355.904989866968,9887.297761987382,1.2628220898143712,28.0,-40.42985593273973,80.57090945370703,224,25.47987546587683,1,0,0
1,True,0,2358.9378153659172,9823.232317339574,8.436789251277519,92.0,-42.45383381117911,80.97368689386093,225,3.0328254989490233,0,0,0
4,True,0,2374.323074333704,10570.459392962875,5.767989024998879,48.7,-50.567525678841434,86.5997840174685,226,15.38525896778674,3,0,0
2,True,0,2383.904989866968,10047.9920839245,3.8,28.0,-40.14414164702544,80.61419881049511,227,9.581915533264237,1,0,0
3,True,0,2389.5251144010913,1205.0,5.366910791227425,59.1,-50.64407723683738,80.41877717643193,228,5.620124534123079,2,0,0
4,True,0,2393.4875969564064,10570.459392962875,5.767989024998879,19.164522622702265,-50.89405629108633,86.69679715839067,229,3.9624825553150913,3,0,0
2,True,0,2415.904989866968,9900.179808184295,1.2628220898143712,32.0,-39.85842736131116,80.65509008490622,230,22.41739291056183,1,0,0
1,True,0,2421.806434900801,9823.232317339574,8.436789251277519,62.86861953488368,-42.23611621394776,81.00188282412185,231,5.901445033832715,0,0,0
4,True,0,2427.3565534448,10570.459392962875,5.767989024998879,33.868956488393245,-50.779413096668776,86.79186948705085,232,5.550118543998906,3,0,0
2,True,0,2447.904989866968,10037.608980808336,3.8,32.0,-39.57271307559687,80.69362489972366,233,20.54843642216838,1,0,0
3,True,0,2448.625114401091,1326.5044043507671,4.775140428593825,59.1,-50.907504611126384,80.42136663989281,234,0.7201245341229878,2,0,0
4,True,0,2476.0565534447996,10570.459392962875,5.767989024998879,48.7,-50.452882484423874,86.88486191541877,235,27.43143904370845,3,0,0
2,True,0,2479.904989866968,10038.840914954535,1.2628220898143712,32.0,-39.28699878988259,80.72985456092863,236,3.848436422168561,1,0,0
4,True,0,2495.221076067502,10570.459392962875,5.767989024998879,19.164522622702265,-50.12635187217897,86.97564390222065,237,15.316086200533846,3,0,0
1,True,0,2497.614541096889,9823.232317339574,8.436789251277519,75.80810619608773,-42.015373757296864,81.02814220248553,238,2.393465029386789,0,0,0
3,True,0,2507.725114401091,1450.0,4.895101108978782,59.1,-51.196659622606106,80.42390184785538,239,10.110573304202262,2,0,0
2,True,0,2511.904989866968,10085.197199259788,3.8,32.0,-39.0012845041683,80.76383984687297,240,4.179875465877103,1,0,0
4,True,0,2529.0900325558955,10570.459392962875,5.767989024998879,33.868956488393245,-49.79982125993408,87.06409398936125,241,17.185042688927297,3,0,0
2,True,0,2543.904989866968,9901.676317101996,1.2628220898143712,32.0,-38.71557021845401,80.79565075852791,242,14.814957311072703,1,0,0
3,True,0,2566.825114401091,1205.0,5.255906886732172,59.1,-51.50348268771934,80.42641431336654,243,22.920124534122806,2,0,0
2,True,0,2575.904989866968,10081.684141559372,3.8,32.0,-38.42985593273973,80.82536623183502,244,9.079875465877194,1,0,0
4,True,0,2577.7900325558953,10570.459392962875,5.767989024998879,48.7,-49.47329064768918,87.15010030102118,245,1.8850426889271148,3,0,0
1,True,0,2589.614541096889,9823.232317339574,8.436789251277519,92.0,-41.79251351932991,81.05256677733462,246,11.82450854099352,0,0,0
4,True,0,2596.9545551785977,10570.459392962875,5.767989024998879,19.164522622702265,-49.14676003544428,87.23356100337874,247,7.340014081708887,3,0,0
2,True,0,2607.904989866968,10134.832828783829,1.2628220898143712,32.0,-38.14414164702544,80.85307381334154,248,10.950434688370478,1,0,0
3,True,0,2625.925114401091,1326.5044043507671,5.121514913131772,59.1,-51.81923596615783,80.42893564292677,249,18.020124534122715,2,0,0
4,True,0,2630.823511666991,10570.459392962875,5.767989024998879,33.868956488393245,-48.82022942319938,87.31438472306685,250,4.8983972659002575,3,0,0
2,True,0,2639.904989866968,9954.212645162705,3.8,32.0,-37.85842736131116,80.87886930045278,251,9.081478199977028,1,0,0
1,True,0,2652.4831606317725,9823.232317339574,8.436789251277519,62.86861953488368,-41.56845128056808,81.075265836653,252,12.578170764804327,0,0,0
2,True,0,2671.904989866968,9968.26044137029,1.2628220898143712,32.0,-37.57271307559687,80.90285634778004,253,19.421829235195673,1,0,0
4,True,0,2679.523511666991,10570.459392962875,5.767989024998879,48.7,-48.493698810954484,87.39249092264585,254,7.618521800022791,3,0,0
3,True,0,2685.025114401091,1450.0,4.68745492865127,59.1,-52.13481503230939,80.43149740661231,255,5.5016027340998335,2,0,0
4,True,0,2698.6880342896934,10570.459392962875,5.767989024998879,19.164522622702265,-48.16716819870959,87.46781023154915,256,13.662919888602573,3,0,0
2,True,0,2703.904989866968,10109.009135569782,3.8,32.0,-37.28699878988259,80.92514604120169,257,5.216955577274803,1,0,0
1,True,0,2728.2912668278605,9823.232317339574,8.436789251277519,75.80810619608773,-41.34410776081164,81.09635575893799,258,24.386276960892246,0,0,0
4,True,0,2732.556990778087,10570.459392962875,5.767989024998879,33.868956488393245,-47.840637586464695,87.54028473114168,259,4.265723950226402,3,0,0
2,True,0,2735.904989866968,10153.751712049334,1.2628220898143712,32.0,-37.0012845041683,80.94585644138728,260,3.347999088881352,1,0,0
3,True,0,2744.1251144010907,1205.0,4.96930412129344,59.1,-52.44107421995049,80.43413100834684,261,8.220124534122533,2,0,0
2,True,0,2767.904989866968,9928.57022222161,3.8,32.0,-36.71557021845401,80.96511209866107,262,23.779875465877467,1,0,0
4,True,0,2781.2569907780867,10570.459392962875,5.767989024998879,48.7,-47.51410697421979,87.6098681927201,263,13.352000911118466,3,0,0
4,True,0,2800.421513400789,10570.459392962875,5.767989024998879,19.164522622702265,-47.18757636197489,87.67652626747633,264,19.164522622702407,3,0,0
3,True,0,2803.2251144010907,1326.5044043507671,4.77573439277206,59.1,-52.72915368383124,80.43686755685614,265,2.803601000301569,2,0,0
1,True,0,2820.2912668278605,9823.232317339574,8.436789251277519,92.0,-41.120404835704804,81.11595953497613,266,17.066152426769804,0,0,0
2,True,0,2831.904989866968,10065.060945586481,3.8,32.0,-36.14414164702544,80.99978673865537,267,11.613723039107754,1,0,0
4,True,0,2834.2904698891825,10570.459392962875,5.767989024998879,33.868956488393245,-46.861045749729996,87.7402366276443,268,2.385480022214324,3,0,0
3,True,0,2862.3251144010906,1450.0,5.593968077125595,59.1,-52.990796157673294,80.4397377378356,269,28.034644511908027,2,0,0
2,True,0,2863.904989866968,10013.559557828254,1.2628220898143712,32.0,-35.85842736131116,81.0,270,1.5798754658776488,1,0,0
4,True,0,2882.9904698891824,10570.459392962875,5.767989024998879,48.7,-46.5345151374851,87.8009890582494,271,19.085480022214142,3,0,0
1,True,0,2883.159886362744,9823.232317339574,8.436789251277519,62.86861953488368,-40.898261748550965,81.13420626244766,272,0.169416473561796,0,0,0
2,True,0,2895.904989866968,9821.385337393105,3.8,32.0,-35.572713075596866,81.0,273,12.745103504224062,1,0,0
4,True,0,2902.1549925118848,10570.459392962875,5.767989024998879,19.164522622702265,-46.2079845252402,87.85878549908412,274,6.250002644916549,3,0,0
3,True,0,2921.4251144010905,1205.0,5.161532380862588,59.1,-53.21864176713668,80.4427716878561,275,19.27012188920571,2,0,0
2,True,0,2923.904989866968,9865.53192509197,1.2628220898143712,28.0,-35.28699878988258,81.0,276,2.4798754658777398,1,0,0
4,True,0,2936.023949000278,10570.459392962875,5.767989024998879,33.868956488393245,-45.8814539129953,87.91364003673695,277,12.11895913331,3,0,0
2,True,0,2951.904989866968,9985.820691869736,3.8,28.0,-35.001284504168304,81.0,278,15.88104086669,1,0,0
1,True,0,2958.967992558832,9823.232317339574,8.436789251277519,75.80810619608773,-40.678591332944784,81.1512306154365,279,7.063002691863858,0,0,0
2,True,0,2979.904989866968,10145.216057088111,1.2628220898143712,28.0,-35.28442978154599,81.0,280,20.936997308136142,1,0,0
3,True,0,2980.5251144010904,1326.5044043507671,4.577808054973476,59.1,-53.40649006453468,80.44599887052644,281,0.6201245341221693,2,0,0
4,True,0,2984.723949000278,10570.459392962875,5.767989024998879,48.7,-45.5549233007504,87.9655788467076,282,4.198834599187649,3,0,0
4,True,0,3003.8884716229804,10570.459392962875,5.767989024998879,19.164522622702265,-45.22839268850551,88.0,283,19.164522622702407,3,0,0
4,True,0,3037.757428111374,10570.459392962875,5.767989024998879,33.868956488393245,-44.90186207626061,88.0,284,33.86895648839345,3,0,0
3,True,0,3039.6251144010903,1450.0,5.690866611722627,59.1,-53.54951965968166,80.449447955421,285,1.8676862897164028,2,0,0
1,True,0,3050.967992558832,9823.232317339574,8.436789251277519,92.0,-40.462296261743134,81.16717229102547,286,11.34287815774178,0,0,0
4,True,0,3086.4574281113737,10570.459392962875,5.767989024998879,48.7,-44.57533146401571,88.0,287,35.489435552541636,3,0,0
3,True,0,3098.72511440109,1205.0,5.6541798873209395,59.1,-53.6444573837151,80.4531467002703,288,12.267686289716494,2,0,0
4,True,0,3105.621950734076,10570.459392962875,5.767989024998879,19.164522622702265,-44.24880085177081,88.0,289,6.896836332985913,3,0,0
1,True,0,3113.8366120937158,9823.232317339574,8.436789251277519,62.86861953488368,-40.25026533778874,81.1821754352511,290,8.21466135963965,0,0,0
4,True,0,3139.4909072224696,10570.459392962875,5.767989024998879,33.868956488393245,-43.922270239525915,88.0,291,25.6542951287538,3,0,0
3,True,0,3157.82511440109,1326.5044043507671,5.021485874796464,59.1,-53.68969078241903,80.45712183689858,292,18.334207178620545,2,0,0
4,True,0,3188.1909072224694,10570.459392962875,5.767989024998879,48.7,-43.59573962728102,88.0,293,30.365792821379273,3,0,0
1,True,0,3189.6447182898037,9823.232317339574,8.436789251277519,75.80810619608773,-40.04336984162862,81.19638805077656,294,1.4538110673342999,0,0,0
4,True,0,3207.355429845172,10570.459392962875,5.767989024998879,19.164522622702265,-43.26920901503612,88.0,295,17.710711555368107,3,0,0
3,True,0,3216.92511440109,1450.0,5.635766024993748,59.1,-53.685319823910454,80.461398961377,296,9.56968455591823,2,0,0
4,True,0,3241.2243863335652,10570.459392962875,5.767989024998879,33.868956488393245,-43.057321597208784,88.0,297,24.29927193247522,3,0,0
3,True,0,3276.02511440109,1205.0,4.744532795295607,59.1,-53.633145945519416,80.4660024288438,298,34.80072806752469,2,0,0
1,True,0,3281.6447182898037,9823.232317339574,8.436789251277519,92.0,-39.842459951235426,81.20996138871706,299,5.619603888713755,0,0,0
4,True,0,3289.924386333565,10570.459392962875,5.767989024998879,48.7,-43.38385220945368,88.0,300,8.279668043761376,3,0,0
4,True,0,3309.0889089562675,10570.459392962875,5.767989024998879,19.164522622702265,-43.71038282169857,88.0,301,19.164522622702407,3,0,0
3,True,0,3335.12511440109,1326.5044043507671,4.853592194747468,59.1,-53.53659887369017,80.47095525342391,302,26.03620544482237,2,0,0
4,True,0,3342.957865444661,10570.459392962875,5.767989024998879,33.868956488393245,-44.03691343394347,88.0,303,7.832751043571079,3,0,0
1,True,0,3344.5133378246874,9823.232317339574,8.436789251277519,62.86861953488368,-39.648361248443834,81.22304932711654,304,1.5554723800264583,0,0,0
4,True,0,3391.6578654446607,10570.459392962875,5.767989024998879,48.7,-44.36344404618838,88.0,305,47.14452761997336,3,0,0
3,True,0,3394.2251144010897,1450.0,5.335059830903468,59.1,-53.40060394360524,80.47627901365897,306,2.5672489564290117,2,0,0
1,True,0,3420.3214440207753,9823.232317339574,8.436789251277519,75.80810619608773,-39.461871326457654,81.23580773862972,307,26.096329619685548,0,0,0
3,True,0,3453.3251144010896,1205.0,4.858450348785217,59.1,-53.231394837429185,80.48199376383641,308,33.00367038031436,2,0,0
3,True,0,3512.4251144010896,1326.5044043507671,4.712399602965561,59.1,-53.03627867074192,80.48811795158215,309,59.09999999999991,2,0,0
3,True,0,3571.5251144010895,1450.0,5.571232982100533,59.1,-52.82336211173627,80.49466834205533,310,59.09999999999991,2,0,0
1,True,0,3575.190063555659,9823.232317339574,8.436789251277519,62.86861953488368,-39.11474871815235,81.26096559602105,311,3.6649491545695128,0,0,0
3,True,0,3630.6251144010894,1205.0,5.0476842319998,59.1,-52.60124865237214,80.5016599490566,312,55.435050845430396,2,0,0
1,True,0,3650.998169751747,9823.232317339574,8.436789251277519,75.80810619608773,-38.955542433088304,81.27368097046882,313,20.373055350657523,0,0,0
3,True,0,3689.7251144010893,1326.5044043507671,5.488694634081229,59.1,-52.37871821201122,80.5091059733333,314,38.726944649342386,2,0,0
1,True,0,3742.998169751747,9823.232317339574,8.436789251277519,92.0,-38.80679186995114,81.28669737695122,315,53.273055350657614,0,0,0
1,True,0,3805.8667892866306,9823.232317339574,8.436789251277519,62.86861953488368,-38.66910827671168,81.30017098206305,316,62.86861953488369,0,0,0
3,True,0,3807.925114401089,1205.0,4.6161084689771155,59.1,-51.96645699998037,80.52540469364051,317,2.058325114458512,2,0,0
3,True,0,3867.025114401089,1326.5044043507671,5.0211952265174125,59.1,-51.79227492401028,80.53427427625358,318,59.09999999999991,2,0,0
1,True,0,3881.6748954827185,9823.232317339574,8.436789251277519,75.80810619608773,-38.543057424787584,81.31425607367179,319,14.649781081629499,0,0,0
3,True,0,3926.125114401089,1450.0,5.360714786476043,59.1,-51.648198383553094,80.54363197991671,320,44.45021891837041,2,0,0
1,True,0,3973.6748954827185,9823.232317339574,8.436789251277519,92.0,-38.429157284167225,81.32910442691575,321,47.54978108162959,0,0,0
3,True,0,3985.225114401089,1205.0,5.12221830680474,59.1,-51.53929273843755,80.55348128257846,322,11.55021891837032,2,0,0
1,True,0,4036.543515017602,9823.232317339574,8.436789251277519,62.86861953488368,-38.327875894959924,81.3448646805275,323,51.31840061651337,0,0,0
3,True,0,4044.3251144010887,1326.5044043507671,5.295760832562016,59.1,-51.46915920165007,80.56382364210175,324,7.781599383486537,2,0,0
3,True,0,4103.425114401089,1450.0,4.68259534499744,59.1,-51.43980372754022,80.57465849027307,325,59.09999999999991,2,0,0
1,True,0,4112.35162121369,9823.232317339574,8.436789251277519,75.80810619608773,-38.23962944411871,81.36168172604532,326,8.926506812601474,0,0,0
3,True,0,4162.525114401088,1205.0,4.26782890422913,59.1,-51.451565415016844,80.5859832351374,327,50.17349318739798,2,0,0
1,True,0,4204.351621213689,9823.232317339574,8.436789251277519,92.0,-38.16478055523891,81.37969611242298,328,41.82650681260111,0,0,0
3,True,0,4221.6251144010885,1326.5044043507671,4.930539564968353,59.1,-51.503107056540195,80.59779327164917,329,17.273493187399254,2,0,0
1,True,0,4267.220240748573,9823.232317339574,8.436789251277519,62.86861953488368,-38.103636798459966,81.39904346848374,330,45.59512634748444,0,0,0
3,True,0,4280.725114401089,1450.0,5.687509518234633,59.1,-51.59146816892347,80.61008200059527,331,13.504873652515926,2,0,0
3,True,0,4339.825114401089,1205.0,5.357929839473082,59.1,-51.712178534823565,80.62284085571275,332,59.100000000000364,2,0,0
1,True,0,4343.02834694466,9823.232317339574,8.436789251277519,75.80810619608773,-38.056449426593765,81.41985394559255,333,3.2032325435711755,0,0,0
3,True,0,4398.92511440109,1326.5044043507671,5.4669879278024585,59.1,-51.85942804942834,80.63605933888937,334,55.89676745642919,2,0,0
3,True,0,4458.02511440109,1450.0,4.763166810333751,59.1,-52.02628658765462,80.64972506330257,335,59.100000000000364,2,0,0
1,True,0,4497.896966479544,9823.232317339574,8.436789251277519,62.86861953488368,-38.00466130316185,81.46635429690875,336,39.87185207845414,0,0,0
3,True,0,4517.12511440109,1205.0,4.477199622261393,59.1,-52.20496575985131,80.66382380431968,337,19.228147921546224,2,0,0
1,True,0,4573.7050726756315,9823.232317339574,8.436789251277519,75.80810619608773,-38.00027336010384,81.49227239880027,338,56.57995827454124,0,0,0
3,True,0,4576.225114401091,1326.5044043507671,4.778695637090998,59.1,-52.38711287669928,80.67833955794985,339,2.520041725459123,2,0,0
3,True,0,4635.325114401091,1450.0,4.984026911037528,59.1,-52.564126253789375,80.69325460660805,340,59.100000000000364,2,0,0
1,True,0,4665.7050726756315,9823.232317339574,8.436789251277519,92.0,-38.010266544498165,81.52010913927157,341,30.379958274540513,0,0,0
3,True,0,4694.425114401091,1205.0,5.078817770294151,59.1,-52.72748019714997,80.70854959192022,342,28.72004172545985,2,0,0
1,True,0,4728.573692210515,9823.232317339574,8.436789251277519,62.86861953488368,-38.034599792206635,81.54995978498606,343,34.14857780942384,0,0,0
3,True,0,4753.525114401092,1326.5044043507671,4.388724292933831,59.1,-52.8690476519007,80.72420359427116,344,24.951422190576523,2,0,0
1,True,0,4804.381798406603,9823.232317339574,8.436789251277519,75.80810619608773,-38.07317311269493,81.58191132703855,345,50.85668400551094,0,0,0
3,True,0,4812.625114401092,1450.0,4.8654872829871145,59.1,-52.981408580483,80.74019421876763,346,8.243315994489421,2,0,0
3,True,0,4871.7251144010925,1205.0,4.2011941700860875,59.1,-53.058132661460085,80.7564976872638,347,59.100000000000364,2,0,0
1,True,0,4896.381798406603,9823.232317339574,8.436789251277519,92.0,-38.12582799991524,81.61604212349016,348,24.656684005510215,0,0,0
3,True,0,4930.825114401093,1326.5044043507671,4.5382338212505475,59.1,-53.0940258453498,80.77308893607074,349,34.44331599449015,2,0,0
1,True,0,4959.250417941486,9823.232317339574,8.436789251277519,62.86861953488368,-38.192348083641505,81.65242157737818,350,28.425303540393543,0,0,0
3,True,0,4989.925114401093,1450.0,4.890752066502801,59.1,-53.08533163549058,80.78994171894848,351,30.67469645960682,2,0,0
1,True,0,5035.058524137574,9823.232317339574,8.436789251277519,75.80810619608773,-38.27246001858121,81.69110985152426,352,45.133409736480644,0,0,0
3,True,0,5049.025114401094,1205.0,4.400086683362431,59.1,-53.02987963043965,80.80702871495747,353,13.96659026351972,2,0,0
3,True,0,5108.125114401094,1326.5044043507671,5.310245728264617,59.1,-52.927175808331434,80.82432164072614,354,59.100000000000364,2,0,0
1,True,0,5127.058524137574,9823.232317339574,8.436789251277519,92.0,-38.36583460760971,81.73215762131227,355,18.933409736479916,0,0,0
3,True,0,5167.225114401094,1450.0,5.095977674917277,59.1,-52.77843118129402,80.84179136667339,356,40.16659026352045,2,0,0
1,True,0,5189.9271436724575,9823.232317339574,8.436789251277519,62.86861953488368,-38.47208815451192,81.77560586645244,357,22.702029271363244,0,0,0
3,True,0,5226.325114401095,1205.0,4.725259663526313,59.1,-52.586527720224474,80.85940803670826,358,36.39797072863712,2,0,0
1,True,0,5265.735249868545,9823.232317339574,8.436789251277519,75.80810619608773,-38.59078404067229,81.82148570258686,359,39.410135467450345,0,0,0
3,True,0,5285.425114401095,1326.5044043507671,4.843452896691011,59.1,-52.35592276316262,80.877141190915,360,19.68986453255002,2,0,0
3,True,0,5344.525114401095,1450.0,5.549171514128878,59.1,-52.092495388873616,80.89495989071945,361,59.100000000000364,2,0,0
1,True,0,5357.735249868545,9823.232317339574,8.436789251277519,92.0,-38.72143451923441,81.8698182534286,362,13.210135467449618,0,0,0
3,True,0,5403.625114401096,1205.0,5.684437912325638,59.1,-51.803340377393894,80.91283284602218,363,45.889864532550746,2,0,0
1,True,0,5420.603869403429,9823.232317339574,8.436789251277519,62.86861953488368,-38.86350271935741,81.92061456395999,364,16.978755002332946,0,0,0
3,True,0,5462.725114401096,1326.5044043507671,5.0845167188075315,59.1,-51.496517312280666,80.93072854377633,365,42.12124499766742,2,0,0
1,True,0,5496.411975599516,9823.232317339574,8.436789251277519,75.80810619608773,-39.016404852333466,81.97387555504625,366,33.68686119842005,0,0,0
3,True,0,5521.8251144010965,1450.0,5.6050032087890465,59.1,-51.18076403384218,80.94861537748139,367,25.413138801580317,2,0,0
3,True,0,5580.925114401097,1205.0,4.697942374215267,59.1,-50.86518496769061,80.96646177706116,368,59.100000000000364,2,0,0
1,True,0,5588.411975599516,9823.232317339574,8.436789251277519,92.0,-39.17951261050078,82.02959201965155,369,7.486861198419319,0,0,0
3,True,0,5640.025114401097,1326.5044043507671,4.88120867942469,59.1,-50.558925780049506,80.98423633859193,370,51.613138801581044,2,0,0
1,True,0,5651.2805951344,9823.232317339574,8.436789251277519,62.86861953488368,-39.35215574909453,82.08774466067266,371,11.255480733302647,0,0,0
3,True,0,5699.125114401098,1450.0,5.494803405587595,59.1,-50.27084631616876,81.0,372,47.844519266697716,2,0,0
1,True,0,5727.088701330487,9823.232317339574,8.436789251277519,75.80810619608773,-39.53362484042639,82.14830417023491,373,27.96358692938975,0,0,0
3,True,0,5758.225114401098,1205.0,4.562679939656871,59.1,-50.00920384232671,81.0,374,31.136413070610615,2,0,0
3,True,0,5817.325114401098,1326.5044043507671,5.690941596172607,59.1,-49.781358232863326,81.0,375,59.100000000000364,2,0,0
1,True,0,5819.088701330487,9823.232317339574,8.436789251277519,92.0,-39.723174189075095,82.2112313501245,376,1.763586929389021,0,0,0
3,True,0,5876.425114401099,1450.0,4.9515188029869215,59.1,-49.59350993546532,81.0,377,57.33641307061134,2,0,0
1,True,0,5881.957320865371,9823.232317339574,8.436789251277519,62.86861953488368,-39.92002489610882,82.27647727286245,378,5.532206464272349,0,0,0
1,True,0,5957.7654270614585,9823.232317339574,8.436789251277519,75.80810619608773,-40.123368059748046,82.343983482758,379,75.80810619608746,0,0,0
1,True,0,6049.7654270614585,9823.232317339574,8.436789251277519,92.0,-40.33236809931638,82.41368223611565,380,92.0,0,0,0
1,True,0,6112.634046596342,9823.232317339574,8.436789251277519,62.86861953488368,-40.54616618882089,82.48549677960847,381,62.86861953488369,0,0,0
1,True,0,6188.44215279243,9823.232317339574,8.436789251277519,75.80810619608773,-40.76388378605224,82.55934166567405,382,75.80810619608746,0,0,0
1,True,0,6280.44215279243,9823.232317339574,8.436789251277519,92.0,-40.984626242703136,82.63512310363691,383,92.0,0,0,0
1,True,0,6343.310772327313,9823.232317339574,8.436789251277519,62.86861953488368,-41.20748648067009,82.71273934511436,384,62.86861953488369,0,0,0
1,True,0,6419.118878523401,9823.232317339574,8.436789251277519,75.80810619608773,-41.431548719431916,82.79208110212251,385,75.80810619608746,0,0,0
1,True,0,6649.795604254372,9823.232317339574,8.436789251277519,75.80810619608773,-42.101738251449035,83.03926312530743,386,230.67672573097116,0,0,0
1,True,0,6741.795604254372,9823.232317339574,8.436789251277519,92.0,-42.321408667055216,83.12427958864512,387,92.0,0,0,0
1,True,0,6804.664223789256,9823.232317339574,8.436789251277519,62.86861953488368,-42.537703738256866,83.2103787293827,388,62.86861953488369,0,0,0
1,True,0,6880.472329985343,9823.232317339574,8.436789251277519,75.80810619608773,-42.74973466221126,83.2974164014836,389,75.80810619608746,0,0,0
1,True,0,6972.472329985343,9823.232317339574,8.436789251277519,92.0,-42.95663015837138,83.38524460228467,390,92.0,0,0,0
1,True,0,7035.340949520227,9823.232317339574,8.436789251277519,62.86861953488368,-43.157540048764574,83.4737120806707,391,62.86861953488369,0,0,0
1,True,0,7111.149055716314,9823.232317339574,8.436789251277519,75.80810619608773,-43.35163875155616,83.56266495859774,392,75.80810619608746,0,0,0
1,True,0,7203.149055716314,9823.232317339574,8.436789251277519,92.0,-43.538128673542346,83.6519473634111,393,92.0,0,0,0
1,True,0,7266.017675251198,9823.232317339574,8.436789251277519,62.86861953488368,-43.71624348763171,83.74140206835933,394,62.86861953488369,0,0,0
1,True,0,7341.825781447285,9823.232317339574,8.436789251277519,75.80810619608773,-43.88525128184765,83.83087113867283,395,75.80810619608746,0,0,0
1,True,0,7433.825781447285,9823.232317339574,8.436789251277519,92.0,-44.044457566911696,83.9201965805516,396,92.0,0,0,0
1,True,0,7496.694400982169,9823.232317339574,8.436789251277519,62.86861953488368,-44.19320813004886,84.0,397,62.86861953488369,0,0,0
1,True,0,7572.502507178257,9823.232317339574,8.436789251277519,75.80810619608773,-44.33089172328832,84.0,398,75.80810619608746,0,0,0
1,True,0,7664.502507178257,9823.232317339574,8.436789251277519,92.0,-44.456942575212416,84.0,399,92.0,0,0,0
